(1, 1, 1) 2.722400968725612
(51, 51, 1) 71.65313105737896
(101, 101, 1) 12.217872405854402
(151, 151, 1) 12.217872405854402
(201, 201, 1) 42.72870063962344
(251, 251, 1) 18.05263010472254
(301, 301, 1) 27.901593935858266
(351, 351, 1) 3.0002843173508635
(401, 401, 1) 3.0002843173508635
(451, 451, 1) 3.0002843173508635
(501, 501, 1) 3.0002843173508635
(551, 551, 1) 3.0002843173508635
(601, 601, 1) 3.0002843173508635
(651, 651, 1) 3.0002843173508635
(701, 701, 1) 3.0002843173508635
(751, 751, 1) 15.209404090446684
(801, 801, 1) 3.0002843173508635
(851, 851, 1) 6.263986486880814
(901, 901, 1) 13.819585494830132
(951, 951, 1) 25.650569096216348
(1001, 1001, 1) 16.17625516259361
(1051, 1051, 1) 6.791172138789439
(1101, 1101, 1) 6.791172138789439
(1151, 1151, 1) 6.791172138789439
(1201, 1201, 1) 22.057225345944335
(1251, 1251, 1) 6.791172138789439
(1301, 1301, 1) 21.165728489682767
(1351, 1351, 1) 6.791172138789439
(1401, 1401, 1) 6.791172138789439
(1451, 1451, 1) 20.06411049401193
(1501, 1501, 1) 17.04005010755448
(1551, 1551, 1) 8.35026435116089
(1601, 1601, 1) 21.631187459215703
(1651, 1651, 1) 21.968547723184614
(1701, 1701, 1) 7.560986120162533
(1751, 1751, 1) 8.678345215657842
(1801, 1801, 1) 6.497826068545284
(1851, 1851, 1) 8.133188761672306
(1901, 1901, 1) 17.1996001534601
(1951, 1951, 1) 22.45166162074562
(2001, 2001, 1) 24.797984721910183
(2051, 2051, 1) 23.41812326184748
(2101, 2101, 1) 18.540720738357596
(2151, 2151, 1) 22.325877055095205
(2201, 2201, 1) 31.47540147878481
(2251, 2251, 1) 17.33705613469748
(2301, 2301, 1) 16.004592291790807
(2351, 2351, 1) 22.630791736740388
(2401, 2401, 1) 4.629076186679362
(2451, 2451, 1) 23.54950925153882
(2501, 2501, 1) 17.87993588239658
(2551, 2551, 1) 6.0809769511044065
(2601, 2601, 1) 4.103736083870629
(2651, 2651, 1) 19.494125883291233
(2701, 2701, 1) 17.89570640154152
(2751, 2751, 1) 7.721767024845859
(2801, 2801, 1) 24.927289583931895
(2851, 2851, 1) 27.978212306300705
(2901, 2901, 1) 15.72717609105725
(2951, 2951, 1) 4.541530527241428
(3001, 3001, 1) 17.51489536280261
(3051, 3051, 1) 12.552664707715103
(3101, 3101, 1) 7.357656911988361
(3151, 3151, 1) 16.017951809519044
(3201, 3201, 1) 4.3078407924776325
(3251, 3251, 1) 6.208301082189228
(3301, 3301, 1) 7.497708707207208
(3351, 3351, 1) 7.231541056420914
(3401, 3401, 1) 14.213995601311975
(3451, 3451, 1) 20.933633233573392
(3501, 3501, 1) 17.509627589988398
(3551, 3551, 1) 15.197389197585714
(3601, 3601, 1) 6.451176777777637
(3651, 3651, 1) 31.823566221963034
(3701, 3701, 1) 29.31576784974492
(3728, 1, 2) 6.844440314233807
(3778, 51, 2) 16.691766599364133
(3828, 101, 2) 22.725397414354337
(3878, 151, 2) 17.382461386365748
(3928, 201, 2) 19.56509828307831
(3978, 251, 2) 7.4183567067267635
(4028, 301, 2) 20.310341961604582
(4078, 351, 2) 18.55394994458899
(4128, 401, 2) 20.390463209200252
(4178, 451, 2) 26.091714735908116
(4228, 501, 2) 31.82846403914874
(4278, 551, 2) 27.477035518848805
(4328, 601, 2) 18.72340999750353
(4378, 651, 2) 21.172655546542703
(4428, 701, 2) 21.99818614279229
(4478, 751, 2) 20.86172983185443
(4528, 801, 2) 18.35246569050701
(4578, 851, 2) 19.284109483789102
(4628, 901, 2) 18.55394994458899
(4678, 951, 2) 19.23685573617996
(4728, 1001, 2) 18.55394994458899
(4778, 1051, 2) 23.163060076232274
(4828, 1101, 2) 24.366027283021158
(4878, 1151, 2) 22.960743232197853
(4928, 1201, 2) 18.55394994458899
(4978, 1251, 2) 24.573416426575264
(5028, 1301, 2) 22.09272285481985
(5078, 1351, 2) 22.8681407313103
(5128, 1401, 2) 29.07565842458999
(5178, 1451, 2) 26.567565693637455
(5228, 1501, 2) 25.323365513188495
(5278, 1551, 2) 31.92837057100498
(5328, 1601, 2) 31.402029947064694
(5378, 1651, 2) 40.08111284070673
(5428, 1701, 2) 32.55048874698798
(5478, 1751, 2) 30.343891700655057
(5528, 1801, 2) 39.66110881491623
(5578, 1851, 2) 30.343891700655057
(5628, 1901, 2) 30.343891700655057
(5678, 1951, 2) 28.697480960395634
(5728, 2001, 2) 30.343891700655057
(5778, 2051, 2) 30.585694813800373
(5828, 2101, 2) 30.585694813800373
(5878, 2151, 2) 30.343891700655057
(5928, 2201, 2) 30.343891700655057
(5978, 2251, 2) 16.671458916407406
(6028, 2301, 2) 32.31545179520257
(6078, 2351, 2) 30.096165741017888
(6128, 2401, 2) 48.797555725968266
(6178, 2451, 2) 37.6508974142633
(6228, 2501, 2) 37.6508974142633
(6278, 2551, 2) 31.402029947064694
(6328, 2601, 2) 35.821793852550336
(6378, 2651, 2) 35.821793852550336
(6428, 2701, 2) 33.26482314252134
(6478, 2751, 2) 44.04800191236134
(6528, 2801, 2) 35.821793852550336
(6578, 2851, 2) 32.65037167349027
(6628, 2901, 2) 37.42107448649665
(6678, 2951, 2) 35.821793852550336
(6728, 3001, 2) 30.79591814548257
(6778, 3051, 2) 43.67625558155831
(6828, 3101, 2) 47.7124879184797
(6878, 3151, 2) 36.96434632859156
(6928, 3201, 2) 41.536273974340226
(6978, 3251, 2) 39.61692906211958
(7028, 3301, 2) 38.28739262453489
(7078, 3351, 2) 44.410567484259694
(7128, 3401, 2) 36.71430617801617
(7178, 3451, 2) 39.36696750572048
(7228, 3501, 2) 57.73502691896257
(7278, 3551, 2) 38.713346831820935
(7328, 3601, 2) 54.325097892482354
(7378, 3651, 2) 38.41190611383846
(7428, 3701, 2) 39.90948341204131
(7455, 1, 3) 42.46063732685723
(7505, 51, 3) 45.447710077383256
(7555, 101, 3) 50.42704897578813
(7605, 151, 3) 42.0398359003345
(7655, 201, 3) 47.41301253833582
(7705, 251, 3) 36.872811957948606
(7755, 301, 3) 44.237679897438134
(7805, 351, 3) 54.325097892482354
(7855, 401, 3) 43.67625558155831
(7905, 451, 3) 43.67625558155831
(7955, 501, 3) 44.04800191236134
(8005, 551, 3) 41.03479576316553
(8055, 601, 3) 35.55405497244393
(8105, 651, 3) 39.085037579717465
(8155, 701, 3) 37.22103103211556
(8205, 751, 3) 40.74092154155125
(8255, 801, 3) 44.30485245827986
(8305, 851, 3) 45.46706463216141
(8355, 901, 3) 43.67625558155831
(8405, 951, 3) 38.605534800642786
(8455, 1001, 3) 44.237679897438134
(8505, 1051, 3) 40.913690841503794
(8555, 1101, 3) 43.29476703214299
(8605, 1151, 3) 100.00000000000004
(8655, 1201, 3) 44.03351481883419
(8705, 1251, 3) 45.46706463216141
(8755, 1301, 3) 43.29476703214299
(8805, 1351, 3) 45.882332065858556
(8855, 1401, 3) 41.536273974340226
(8905, 1451, 3) 36.721306549655885
(8955, 1501, 3) 45.241031000218406
(9005, 1551, 3) 42.13524448165699
(9055, 1601, 3) 45.241031000218406
(9105, 1651, 3) 42.13524448165699
(9155, 1701, 3) 44.03351481883419
(9205, 1751, 3) 44.03351481883419
(9255, 1801, 3) 39.746609778353786
(9305, 1851, 3) 42.13524448165699
(9355, 1901, 3) 38.519870777286215
(9405, 1951, 3) 44.03351481883419
(9455, 2001, 3) 45.46706463216141
(9505, 2051, 3) 42.13524448165699
(9555, 2101, 3) 53.36321159580372
(9605, 2151, 3) 43.29476703214299
(9655, 2201, 3) 43.29476703214299
(9705, 2251, 3) 53.36321159580372
(9755, 2301, 3) 42.13524448165699
(9805, 2351, 3) 45.241031000218406
(9855, 2401, 3) 43.29476703214299
(9905, 2451, 3) 54.08940861335911
(9955, 2501, 3) 42.13524448165699
(10005, 2551, 3) 43.29476703214299
(10055, 2601, 3) 46.74908196302213
(10105, 2651, 3) 38.00270824968235
(10155, 2701, 3) 43.67625558155831
(10205, 2751, 3) 43.67625558155831
(10255, 2801, 3) 43.29476703214299
(10305, 2851, 3) 43.29476703214299
(10355, 2901, 3) 36.67211513776695
(10405, 2951, 3) 43.67625558155831
(10455, 3001, 3) 43.66091412928517
(10505, 3051, 3) 45.06750632106116
(10555, 3101, 3) 38.605534800642786
(10605, 3151, 3) 43.67625558155831
(10655, 3201, 3) 43.67625558155831
(10705, 3251, 3) 43.29476703214299
(10755, 3301, 3) 43.29476703214299
(10805, 3351, 3) 25.7085514131085
(10855, 3401, 3) 43.29476703214299
(10905, 3451, 3) 43.29476703214299
(10955, 3501, 3) 43.29476703214299
(11005, 3551, 3) 43.29476703214299
(11055, 3601, 3) 43.29476703214299
(11105, 3651, 3) 43.29476703214299
(11155, 3701, 3) 35.00510967686975
(11182, 1, 4) 43.29476703214299
(11232, 51, 4) 43.29476703214299
(11282, 101, 4) 43.29476703214299
(11332, 151, 4) 43.29476703214299
(11382, 201, 4) 43.29476703214299
(11432, 251, 4) 43.67625558155831
(11482, 301, 4) 43.29476703214299
(11532, 351, 4) 57.148808593976
(11582, 401, 4) 43.29476703214299
(11632, 451, 4) 43.29476703214299
(11682, 501, 4) 43.29476703214299
(11732, 551, 4) 43.29476703214299
(11782, 601, 4) 43.29476703214299
(11832, 651, 4) 37.46737823497366
(11882, 701, 4) 44.72716940520766
(11932, 751, 4) 43.29476703214299
(11982, 801, 4) 43.29476703214299
(12032, 851, 4) 45.46706463216141
(12082, 901, 4) 43.29476703214299
(12132, 951, 4) 45.46706463216141
(12182, 1001, 4) 41.19717398573119
(12232, 1051, 4) 41.78607111734659
(12282, 1101, 4) 43.29476703214299
(12332, 1151, 4) 43.29476703214299
(12382, 1201, 4) 43.29476703214299
(12432, 1251, 4) 43.29476703214299
(12482, 1301, 4) 25.457706283294957
(12532, 1351, 4) 43.29476703214299
(12582, 1401, 4) 40.53579174782235
(12632, 1451, 4) 41.19717398573119
(12682, 1501, 4) 41.19717398573119
(12732, 1551, 4) 43.29476703214299
(12782, 1601, 4) 41.46086296807234
(12832, 1651, 4) 40.6418240208787
(12882, 1701, 4) 38.519870777286215
(12932, 1751, 4) 48.83547523667457
(12982, 1801, 4) 45.46706463216141
(13032, 1851, 4) 49.37264522356611
(13082, 1901, 4) 37.46737823497366
(13132, 1951, 4) 39.309286812349484
(13182, 2001, 4) 41.19717398573119
(13232, 2051, 4) 43.29476703214299
(13282, 2101, 4) 45.86804970035279
(13332, 2151, 4) 39.085037579717465
(13382, 2201, 4) 42.13524448165699
(13432, 2251, 4) 42.4370201070126
(13482, 2301, 4) 42.4370201070126
(13532, 2351, 4) 45.46706463216141
(13582, 2401, 4) 42.4370201070126
(13632, 2451, 4) 42.4370201070126
(13682, 2501, 4) 42.13524448165699
(13732, 2551, 4) 43.29476703214299
(13782, 2601, 4) 42.13524448165699
(13832, 2651, 4) 43.29476703214299
(13882, 2701, 4) 43.29476703214299
(13932, 2751, 4) 43.29476703214299
(13982, 2801, 4) 43.29476703214299
(14032, 2851, 4) 43.29476703214299
(14082, 2901, 4) 36.96434632859156
(14132, 2951, 4) 43.29476703214299
(14182, 3001, 4) 100.00000000000004
(14232, 3051, 4) 100.00000000000004
(14282, 3101, 4) 43.29476703214299
(14332, 3151, 4) 43.29476703214299
(14382, 3201, 4) 42.13524448165699
(14432, 3251, 4) 43.29476703214299
(14482, 3301, 4) 43.29476703214299
(14532, 3351, 4) 43.29476703214299
(14582, 3401, 4) 43.29476703214299
(14632, 3451, 4) 43.29476703214299
(14682, 3501, 4) 43.29476703214299
(14732, 3551, 4) 60.68853997476876
(14782, 3601, 4) 43.29476703214299
(14832, 3651, 4) 43.29476703214299
(14882, 3701, 4) 43.29476703214299
