(1, 1, 1) 0.4092688943944667
(51, 51, 1) 0.0
(101, 101, 1) 3.8268563068932098
(151, 151, 1) 3.6980096456389586
(201, 201, 1) 0.13452241679228077
(251, 251, 1) 10.310431331856446
(301, 301, 1) 8.5287485131728
(351, 351, 1) 1.1784795266140875
(401, 401, 1) 0.747031248892112
(451, 451, 1) 0.4746326417661029
(501, 501, 1) 0.47476877619620955
(551, 551, 1) 0.5670898835519553
(601, 601, 1) 0.9747455878373109
(651, 651, 1) 0.9365425490213948
(701, 701, 1) 1.3760684777305798
(751, 751, 1) 4.907817925520544
(801, 801, 1) 2.8647008931847266
(851, 851, 1) 4.594399038471648
(901, 901, 1) 4.07453490332159
(951, 951, 1) 7.069028984851039
(1001, 1001, 1) 4.461417395399926
(1051, 1051, 1) 3.6808070560033874
(1101, 1101, 1) 2.688383574582857
(1151, 1151, 1) 4.455400294081966
(1201, 1201, 1) 6.076890182588882
(1251, 1251, 1) 3.579056969091859
(1301, 1301, 1) 6.261154656029429
(1351, 1351, 1) 3.8882308507537937
(1401, 1401, 1) 4.338687088520287
(1451, 1451, 1) 6.323875659359701
(1501, 1501, 1) 8.01979936165303
(1551, 1551, 1) 9.331269979374927
(1601, 1601, 1) 7.103767255073485
(1651, 1651, 1) 8.733912496803667
(1701, 1701, 1) 7.994689312388299
(1751, 1751, 1) 9.07024580545053
(1801, 1801, 1) 9.742420288758032
(1851, 1851, 1) 8.159596797450616
(1901, 1901, 1) 7.017355750143855
(1951, 1951, 1) 9.98850003161815
(2001, 2001, 1) 12.337609708858995
(2051, 2051, 1) 12.482895112663618
(2101, 2101, 1) 6.475590682069054
(2151, 2151, 1) 7.991109537170367
(2201, 2201, 1) 6.489748949262486
(2251, 2251, 1) 10.964629093254342
(2301, 2301, 1) 12.798004048272228
(2351, 2351, 1) 9.300249642685431
(2401, 2401, 1) 9.921205988986813
(2451, 2451, 1) 8.665003084542494
(2501, 2501, 1) 7.499695903403117
(2551, 2551, 1) 10.250417145598881
(2601, 2601, 1) 10.103000554242078
(2651, 2651, 1) 8.622318111691097
(2701, 2701, 1) 7.807829574123643
(2751, 2751, 1) 7.737216661438163
(2801, 2801, 1) 11.655214762151417
(2851, 2851, 1) 8.911514764819291
(2901, 2901, 1) 9.48900389059257
(2951, 2951, 1) 11.64553116264588
(3001, 3001, 1) 11.003328617770395
(3051, 3051, 1) 9.335072159743035
(3101, 3101, 1) 12.799315149044403
(3151, 3151, 1) 9.928057934567036
(3201, 3201, 1) 10.125956541132416
(3251, 3251, 1) 10.139500970638526
(3301, 3301, 1) 12.000975152898539
(3351, 3351, 1) 11.748532349705524
(3401, 3401, 1) 9.08287932090641
(3451, 3451, 1) 12.434142661834322
(3501, 3501, 1) 8.82916118935912
(3551, 3551, 1) 13.82398602918497
(3601, 3601, 1) 10.967914117417598
(3651, 3651, 1) 15.802338063905408
(3701, 3701, 1) 11.017317100377744
(3728, 1, 2) 14.285425014920108
(3778, 51, 2) 14.087660889497663
(3828, 101, 2) 14.961695836322557
(3878, 151, 2) 10.747784491473606
(3928, 201, 2) 13.993966567349435
(3978, 251, 2) 13.029037580021624
(4028, 301, 2) 10.989225743548865
(4078, 351, 2) 13.255157196492858
(4128, 401, 2) 17.413881148470157
(4178, 451, 2) 16.004213505634365
(4228, 501, 2) 14.332314767677575
(4278, 551, 2) 16.651134642979304
(4328, 601, 2) 14.512228606051377
(4378, 651, 2) 14.472961678610886
(4428, 701, 2) 17.777987690634795
(4478, 751, 2) 18.31158041233584
(4528, 801, 2) 15.09606949690826
(4578, 851, 2) 17.757981032420687
(4628, 901, 2) 17.43467238413377
(4678, 951, 2) 16.940480176192583
(4728, 1001, 2) 17.92293372648021
(4778, 1051, 2) 17.62595264628086
(4828, 1101, 2) 18.199984562844833
(4878, 1151, 2) 18.72863407677057
(4928, 1201, 2) 16.429988285130065
(4978, 1251, 2) 19.566293690127083
(5028, 1301, 2) 20.425293124924494
(5078, 1351, 2) 19.873249694103514
(5128, 1401, 2) 20.267325144023843
(5178, 1451, 2) 20.168118262738858
(5228, 1501, 2) 18.86439914617303
(5278, 1551, 2) 20.842052057058417
(5328, 1601, 2) 19.30183421695111
(5378, 1651, 2) 19.846174557503506
(5428, 1701, 2) 22.41146478089193
(5478, 1751, 2) 21.025408293250678
(5528, 1801, 2) 21.115436457424952
(5578, 1851, 2) 17.099321764449837
(5628, 1901, 2) 21.92238494299957
(5678, 1951, 2) 22.163359002650086
(5728, 2001, 2) 23.691599084013887
(5778, 2051, 2) 24.249042759906576
(5828, 2101, 2) 22.65737900338128
(5878, 2151, 2) 20.059094268159214
(5928, 2201, 2) 24.829728907183053
(5978, 2251, 2) 22.863031914234842
(6028, 2301, 2) 23.00801546731579
(6078, 2351, 2) 24.36374020075498
(6128, 2401, 2) 25.57359496769823
(6178, 2451, 2) 22.272851589784977
(6228, 2501, 2) 20.701524008574363
(6278, 2551, 2) 24.52922973362218
(6328, 2601, 2) 21.14789051691169
(6378, 2651, 2) 25.491567776447823
(6428, 2701, 2) 23.897501789548194
(6478, 2751, 2) 20.902790839315553
(6528, 2801, 2) 24.650570098400088
(6578, 2851, 2) 27.098187629230715
(6628, 2901, 2) 22.81715659159737
(6678, 2951, 2) 26.392007780059156
(6728, 3001, 2) 26.337278609025816
(6778, 3051, 2) 23.851070351885845
(6828, 3101, 2) 26.03439630695083
(6878, 3151, 2) 24.943748477883233
(6928, 3201, 2) 25.240255579964344
(6978, 3251, 2) 27.988152393400508
(7028, 3301, 2) 24.2366835898366
(7078, 3351, 2) 28.11111233983583
(7128, 3401, 2) 25.73316881884093
(7178, 3451, 2) 27.167669888754872
(7228, 3501, 2) 27.460317036225966
(7278, 3551, 2) 28.051644333365807
(7328, 3601, 2) 28.52445467034125
(7378, 3651, 2) 27.336215989929972
(7428, 3701, 2) 26.032819313703857
(7455, 1, 3) 28.69899032917501
(7505, 51, 3) 25.812567090150697
(7555, 101, 3) 27.34328733042624
(7605, 151, 3) 26.96785468713547
(7655, 201, 3) 28.685303080382095
(7705, 251, 3) 28.37331301498089
(7755, 301, 3) 28.789785048363076
(7805, 351, 3) 28.13565411971287
(7855, 401, 3) 27.941680035850386
(7905, 451, 3) 29.107393408176506
(7955, 501, 3) 27.681090577315995
(8005, 551, 3) 29.53432791763391
(8055, 601, 3) 28.468816929692803
(8105, 651, 3) 28.81310384801369
(8155, 701, 3) 29.78112730390457
(8205, 751, 3) 30.145529888478887
(8255, 801, 3) 28.83918646005046
(8305, 851, 3) 30.013689264968903
(8355, 901, 3) 26.535366154957917
(8405, 951, 3) 29.466937109776534
(8455, 1001, 3) 31.54094225463358
(8505, 1051, 3) 28.765857719087446
(8555, 1101, 3) 30.498174540125795
(8605, 1151, 3) 32.176695741243925
(8655, 1201, 3) 29.59636045921942
(8705, 1251, 3) 31.69583057184262
(8755, 1301, 3) 32.41253920348506
(8805, 1351, 3) 30.78299127107885
(8855, 1401, 3) 31.46316225045965
(8905, 1451, 3) 30.361627695084408
(8955, 1501, 3) 30.804365137599486
(9005, 1551, 3) 30.9162153759711
(9055, 1601, 3) 31.66711372019329
(9105, 1651, 3) 31.67908775650418
(9155, 1701, 3) 32.28685003861392
(9205, 1751, 3) 31.069718305356194
(9255, 1801, 3) 32.13534399163881
(9305, 1851, 3) 30.644959290359328
(9355, 1901, 3) 31.356150939905746
(9405, 1951, 3) 31.152072540289602
(9455, 2001, 3) 32.7705035098848
(9505, 2051, 3) 32.571033178873684
(9555, 2101, 3) 32.936945942255434
(9605, 2151, 3) 29.503631936920137
(9655, 2201, 3) 34.14331077589677
(9705, 2251, 3) 32.391033829272835
(9755, 2301, 3) 30.55822965398225
(9805, 2351, 3) 33.1232544258984
(9855, 2401, 3) 33.145024517718184
(9905, 2451, 3) 32.50151154011163
(9955, 2501, 3) 31.04464657400026
(10005, 2551, 3) 31.712754398368336
(10055, 2601, 3) 31.069918967811553
(10105, 2651, 3) 32.823932596990794
(10155, 2701, 3) 32.47354380248744
(10205, 2751, 3) 30.896255479344582
(10255, 2801, 3) 32.48880561781254
(10305, 2851, 3) 31.34132158797649
(10355, 2901, 3) 33.274896371391975
(10405, 2951, 3) 32.76094644028092
(10455, 3001, 3) 31.6160409349706
(10505, 3051, 3) 32.769631862404076
(10555, 3101, 3) 33.89262769316406
(10605, 3151, 3) 32.74765326908846
(10655, 3201, 3) 31.19036969617493
(10705, 3251, 3) 34.076480820392824
(10755, 3301, 3) 31.897638079891816
(10805, 3351, 3) 32.855270013178455
(10855, 3401, 3) 32.72477542003736
(10905, 3451, 3) 34.87470580871646
(10955, 3501, 3) 33.156340653765405
(11005, 3551, 3) 34.55366415435712
(11055, 3601, 3) 32.45373159304247
(11105, 3651, 3) 32.62023713933293
(11155, 3701, 3) 33.18793472414072
(11182, 1, 4) 34.769468935330806
(11232, 51, 4) 32.13518398686445
(11282, 101, 4) 33.44332985638027
(11332, 151, 4) 33.85541181611653
(11382, 201, 4) 33.75730317689022
(11432, 251, 4) 33.68819638558506
(11482, 301, 4) 34.16973707053061
(11532, 351, 4) 34.227623764180144
(11582, 401, 4) 34.59778961220199
(11632, 451, 4) 35.361456859666035
(11682, 501, 4) 34.20915476219816
(11732, 551, 4) 34.354795350276135
(11782, 601, 4) 33.54188426642329
(11832, 651, 4) 32.860073196872904
(11882, 701, 4) 35.664595444343014
(11932, 751, 4) 34.32113875539531
(11982, 801, 4) 34.40326120953937
(12032, 851, 4) 34.518880085107064
(12082, 901, 4) 33.27565408678033
(12132, 951, 4) 34.34625970599683
(12182, 1001, 4) 35.25219358738288
(12232, 1051, 4) 33.32641103923889
(12282, 1101, 4) 34.75533117103878
(12332, 1151, 4) 35.699431155324056
(12382, 1201, 4) 35.109378725007666
(12432, 1251, 4) 35.60625528985902
(12482, 1301, 4) 36.542978110331696
(12532, 1351, 4) 34.69490343888279
(12582, 1401, 4) 34.49846045884021
(12632, 1451, 4) 34.833979984012466
(12682, 1501, 4) 34.52857235738156
(12732, 1551, 4) 35.922884984517836
(12782, 1601, 4) 35.46316542535117
(12832, 1651, 4) 35.63482861497887
(12882, 1701, 4) 36.13800249500985
(12932, 1751, 4) 35.33652485108173
(12982, 1801, 4) 35.555558321394486
(13032, 1851, 4) 34.58733987270506
(13082, 1901, 4) 35.76210776949599
(13132, 1951, 4) 35.56328076813213
(13182, 2001, 4) 36.359306253884036
(13232, 2051, 4) 36.36907965980234
(13282, 2101, 4) 36.41732247044799
(13332, 2151, 4) 34.08210381424132
(13382, 2201, 4) 36.797467485427674
(13432, 2251, 4) 36.0820944667283
(13482, 2301, 4) 35.61021287540147
(13532, 2351, 4) 36.99930529958962
(13582, 2401, 4) 36.256726495294195
(13632, 2451, 4) 35.54802425798016
(13682, 2501, 4) 34.28030486721674
(13732, 2551, 4) 35.056996306926024
(13782, 2601, 4) 35.974411529739555
(13832, 2651, 4) 36.40096009151574
(13882, 2701, 4) 35.261389765524406
(13932, 2751, 4) 34.689302978319766
(13982, 2801, 4) 35.23912266297846
(14032, 2851, 4) 35.63484573412122
(14082, 2901, 4) 35.35924902932914
(14132, 2951, 4) 35.69017310876628
(14182, 3001, 4) 36.23993797238412
(14232, 3051, 4) 36.67856888203133
(14282, 3101, 4) 36.90940927101821
(14332, 3151, 4) 35.76687641514939
(14382, 3201, 4) 35.40301912740249
(14432, 3251, 4) 35.16685597575518
(14482, 3301, 4) 34.11847822777128
(14532, 3351, 4) 35.81921812858932
(14582, 3401, 4) 34.87428539350775
(14632, 3451, 4) 36.98010293638233
(14682, 3501, 4) 35.297441967708885
(14732, 3551, 4) 35.339540724493176
(14782, 3601, 4) 35.91485495474646
(14832, 3651, 4) 35.805908602429824
(14882, 3701, 4) 35.12571376919261
