(1, 1, 1) 31.707124588442202
(51, 51, 1) 0
(101, 101, 1) 0
(151, 151, 1) 0
(201, 201, 1) 0
(251, 251, 1) 0
(301, 301, 1) 0
(351, 351, 1) 16.99564350207064
(401, 401, 1) 17.98485291486924
(451, 451, 1) 18.290751445086702
(501, 501, 1) 18.290751445086702
(551, 551, 1) 18.16101730409901
(601, 601, 1) 17.689970430857404
(651, 651, 1) 17.457402999505025
(701, 701, 1) 15.61903018584994
(751, 751, 1) 6.501286400038641
(801, 801, 1) 12.59955822627666
(851, 851, 1) 9.232447782376003
(901, 901, 1) 12.434361877200015
(951, 951, 1) 6.371105820198824
(1001, 1001, 1) 10.845438283067597
(1051, 1051, 1) 14.487264646896396
(1101, 1101, 1) 18.5619410580391
(1151, 1151, 1) 12.002818559340337
(1201, 1201, 1) 7.163423912816707
(1251, 1251, 1) 13.978571627589169
(1301, 1301, 1) 5.1155393949943395
(1351, 1351, 1) 13.958492108808755
(1401, 1401, 1) 13.059858581705836
(1451, 1451, 1) 7.821008881194668
(1501, 1501, 1) 4.271549536355483
(1551, 1551, 1) 3.838030788291352
(1601, 1601, 1) 4.3209340467688975
(1651, 1651, 1) 4.3121193298741325
(1701, 1701, 1) 6.115301230264983
(1751, 1751, 1) 3.565464502665929
(1801, 1801, 1) 3.1976787178488486
(1851, 1851, 1) 5.387103820497423
(1901, 1901, 1) 7.04627425134321
(1951, 1951, 1) 1.7636436374292899
(2001, 2001, 1) 0.940514090626209
(2051, 2051, 1) 1.5357188451829913
(2101, 2101, 1) 7.098952760002511
(2151, 2151, 1) 4.3021628898058495
(2201, 2201, 1) 5.920681027241091
(2251, 2251, 1) 1.9178546652772859
(2301, 2301, 1) 0.6407622270414102
(2351, 2351, 1) 2.532311563719116
(2401, 2401, 1) 2.43018995257874
(2451, 2451, 1) 4.117869766806866
(2501, 2501, 1) 3.830968983453662
(2551, 2551, 1) 2.625798417753476
(2601, 2601, 1) 2.340343971767556
(2651, 2651, 1) 3.5999744014762776
(2701, 2701, 1) 3.8555196523311004
(2751, 2751, 1) 4.663265197963934
(2801, 2801, 1) 2.2749126264757074
(2851, 2851, 1) 4.453262568290182
(2901, 2901, 1) 3.117449386924182
(2951, 2951, 1) 2.246283574761989
(3001, 3001, 1) 2.5876154063301477
(3051, 3051, 1) 4.11669395243808
(3101, 3101, 1) 1.1493650776492643
(3151, 3151, 1) 3.2816707128942504
(3201, 3201, 1) 3.1152066408578456
(3251, 3251, 1) 3.5979512176641606
(3301, 3301, 1) 2.4630575848394045
(3351, 3351, 1) 3.3193767328517225
(3401, 3401, 1) 5.049756014239517
(3451, 3451, 1) 2.3255180433902645
(3501, 3501, 1) 5.789519967303168
(3551, 3551, 1) 2.163786249861296
(3601, 3601, 1) 3.649330533383438
(3651, 3651, 1) 0.9354641913310253
(3701, 3701, 1) 4.305309185985177
(3728, 1, 2) 1.9249676036909449
(3778, 51, 2) 1.495668899689619
(3828, 101, 2) 1.0068788927118
(3878, 151, 2) 3.513348143731683
(3928, 201, 2) 1.9699294515154975
(3978, 251, 2) 3.2567187969944555
(4028, 301, 2) 4.451440895257992
(4078, 351, 2) 2.762400892219965
(4128, 401, 2) 1.291856722959217
(4178, 451, 2) 1.5669624528510688
(4228, 501, 2) 2.514659042091065
(4278, 551, 2) 1.2135667118268891
(4328, 601, 2) 2.6646177614045676
(4378, 651, 2) 3.0077504882167716
(4428, 701, 2) 1.6357526300849798
(4478, 751, 2) 1.3148897459655906
(4528, 801, 2) 2.6598109282464932
(4578, 851, 2) 1.5653501615317147
(4628, 901, 2) 1.9539863088297906
(4678, 951, 2) 2.443603465496018
(4728, 1001, 2) 1.761752102262335
(4778, 1051, 2) 1.8572038172417038
(4828, 1101, 2) 1.7182767131071124
(4878, 1151, 2) 1.922701735818034
(4928, 1201, 2) 2.300927522806294
(4978, 1251, 2) 1.4287291634422807
(5028, 1301, 2) 1.1138060434637111
(5078, 1351, 2) 1.6881952358733834
(5128, 1401, 2) 1.8750502632966501
(5178, 1451, 2) 1.6103951839464905
(5228, 1501, 2) 2.0734572857498286
(5278, 1551, 2) 2.2627713385983235
(5328, 1601, 2) 2.486002910938648
(5378, 1651, 2) 2.649013914372585
(5428, 1701, 2) 1.6939046650549408
(5478, 1751, 2) 2.2378049899750607
(5528, 1801, 2) 1.8002432375159678
(5578, 1851, 2) 2.5098855068140757
(5628, 1901, 2) 1.8408752784547495
(5678, 1951, 2) 2.152913147260211
(5728, 2001, 2) 1.5112778770432165
(5778, 2051, 2) 2.0423831583366336
(5828, 2101, 2) 2.24354042351219
(5878, 2151, 2) 3.161307694858113
(5928, 2201, 2) 2.0561301253319044
(5978, 2251, 2) 2.195057831830109
(6028, 2301, 2) 1.6655100571091062
(6078, 2351, 2) 2.358192125702626
(6128, 2401, 2) 1.5770546979334803
(6178, 2451, 2) 2.227663525695178
(6228, 2501, 2) 2.676866104295147
(6278, 2551, 2) 2.325609609518576
(6328, 2601, 2) 2.9045662893572732
(6378, 2651, 2) 1.5395047879995047
(6428, 2701, 2) 2.640206251427724
(6478, 2751, 2) 4.221664334543565
(6528, 2801, 2) 2.3281090677570973
(6578, 2851, 2) 1.7074049976793084
(6628, 2901, 2) 3.3912624519747645
(6678, 2951, 2) 2.1582361215441956
(6728, 3001, 2) 2.054667264125044
(6778, 3051, 2) 3.27630120702268
(6828, 3101, 2) 2.6661604797914293
(6878, 3151, 2) 2.738132476863097
(6928, 3201, 2) 2.615551961092816
(6978, 3251, 2) 1.8642322876610216
(7028, 3301, 2) 2.3982871121909213
(7078, 3351, 2) 2.3251725348317933
(7128, 3401, 2) 2.834106011725055
(7178, 3451, 2) 3.1941907289703515
(7228, 3501, 2) 2.9384739338494406
(7278, 3551, 2) 3.0006435299671175
(7328, 3601, 2) 2.6670422846066373
(7378, 3651, 2) 2.3950373479598497
(7428, 3701, 2) 2.376901479372382
(7455, 1, 3) 2.5031952955976102
(7505, 51, 3) 2.817725884335328
(7555, 101, 3) 2.1811077878643097
(7605, 151, 3) 2.441023646389752
(7655, 201, 3) 2.4743289014167402
(7705, 251, 3) 3.1982523463579398
(7755, 301, 3) 2.81969611690592
(7805, 351, 3) 2.2708671436558348
(7855, 401, 3) 2.7306190846923286
(7905, 451, 3) 2.7346703697464854
(7955, 501, 3) 2.243459988760087
(8005, 551, 3) 2.6699418586362746
(8055, 601, 3) 2.5462603551470444
(8105, 651, 3) 2.6459329149465276
(8155, 701, 3) 3.2461396789398442
(8205, 751, 3) 2.669926832941673
(8255, 801, 3) 2.7346016267278337
(8305, 851, 3) 2.539571232602899
(8355, 901, 3) 2.855637795043066
(8405, 951, 3) 2.9691005662197085
(8455, 1001, 3) 2.3009373485629467
(8505, 1051, 3) 3.0231528501705753
(8555, 1101, 3) 3.121279746687769
(8605, 1151, 3) 2.2479030056897535
(8655, 1201, 3) 2.984394448039339
(8705, 1251, 3) 2.83146259853822
(8755, 1301, 3) 3.0262882271482034
(8805, 1351, 3) 3.1561955535487414
(8855, 1401, 3) 2.558739224137934
(8905, 1451, 3) 2.6537702721709735
(8955, 1501, 3) 2.7366229378881926
(9005, 1551, 3) 3.1688754282016873
(9055, 1601, 3) 2.8627340589973294
(9105, 1651, 3) 3.1509426852143605
(9155, 1701, 3) 3.2293811137838055
(9205, 1751, 3) 3.1739704176394525
(9255, 1801, 3) 2.731722838381618
(9305, 1851, 3) 2.837551009460558
(9355, 1901, 3) 3.2078070806756322
(9405, 1951, 3) 3.27902313376779
(9455, 2001, 3) 2.9369989344258514
(9505, 2051, 3) 3.385574976049252
(9555, 2101, 3) 2.7344001192365575
(9605, 2151, 3) 3.2939138369083345
(9655, 2201, 3) 2.7605528302067377
(9705, 2251, 3) 2.999214576582819
(9755, 2301, 3) 2.87316603827605
(9805, 2351, 3) 3.034288805920628
(9855, 2401, 3) 2.9290861769147973
(9905, 2451, 3) 3.1167833466666117
(9955, 2501, 3) 3.2055285688806023
(10005, 2551, 3) 3.22286288726686
(10055, 2601, 3) 3.4508785479476742
(10105, 2651, 3) 3.059407648314089
(10155, 2701, 3) 3.7265034314775676
(10205, 2751, 3) 3.749494584837546
(10255, 2801, 3) 3.471611930033273
(10305, 2851, 3) 2.9587486923238338
(10355, 2901, 3) 3.405479974666907
(10405, 2951, 3) 3.3817385100048796
(10455, 3001, 3) 3.1674064902731267
(10505, 3051, 3) 3.1574903485883112
(10555, 3101, 3) 3.6056053796658674
(10605, 3151, 3) 3.0290724395216024
(10655, 3201, 3) 3.580405408517226
(10705, 3251, 3) 3.211508107024752
(10755, 3301, 3) 3.318660256054791
(10805, 3351, 3) 3.532311223190778
(10855, 3401, 3) 3.8920560495012566
(10905, 3451, 3) 3.3525370778461543
(10955, 3501, 3) 3.6476315377272357
(11005, 3551, 3) 3.4449125377059353
(11055, 3601, 3) 3.870554030593798
(11105, 3651, 3) 3.134129917308087
(11155, 3701, 3) 3.195945986598435
(11182, 1, 4) 3.1902990360023615
(11232, 51, 4) 3.373773026111298
(11282, 101, 4) 3.4062690662006467
(11332, 151, 4) 3.680676741790716
(11382, 201, 4) 2.558967571335831
(11432, 251, 4) 3.600932835566379
(11482, 301, 4) 3.5521895339871996
(11532, 351, 4) 3.415283802825943
(11582, 401, 4) 3.2254688708666173
(11632, 451, 4) 2.9888403269112267
(11682, 501, 4) 3.3538387554051106
(11732, 551, 4) 3.568730013266812
(11782, 601, 4) 3.1656183936155387
(11832, 651, 4) 3.6204695874108026
(11882, 701, 4) 3.4830933521535954
(11932, 751, 4) 3.0175845898227287
(11982, 801, 4) 3.200316486241423
(12032, 851, 4) 3.586454638870716
(12082, 901, 4) 3.6904257323229928
(12132, 951, 4) 3.568061400889981
(12182, 1001, 4) 3.328821273120436
(12232, 1051, 4) 3.1113174483979726
(12282, 1101, 4) 3.5993136917921085
(12332, 1151, 4) 3.265837983586774
(12382, 1201, 4) 3.481745640881652
(12432, 1251, 4) 3.5464807872397692
(12482, 1301, 4) 3.5874336704743754
(12532, 1351, 4) 3.4190238987660173
(12582, 1401, 4) 3.292861357950631
(12632, 1451, 4) 3.4168332135477364
(12682, 1501, 4) 3.1538168732704435
(12732, 1551, 4) 3.768800722463901
(12782, 1601, 4) 3.607319048098123
(12832, 1651, 4) 3.8385249570082216
(12882, 1701, 4) 3.7368980731382244
(12932, 1751, 4) 3.69497021408014
(12982, 1801, 4) 3.6820433802583175
(13032, 1851, 4) 3.5324391633491423
(13082, 1901, 4) 3.690470500089436
(13132, 1951, 4) 3.714984315857194
(13182, 2001, 4) 3.413970859160198
(13232, 2051, 4) 3.7713151338576445
(13282, 2101, 4) 3.4089605772784957
(13332, 2151, 4) 3.9214316892334473
(13382, 2201, 4) 3.4520885906007486
(13432, 2251, 4) 3.671479075454261
(13482, 2301, 4) 3.3737408267232993
(13532, 2351, 4) 3.4398409672188244
(13582, 2401, 4) 3.51407549892075
(13632, 2451, 4) 3.7272003343339932
(13682, 2501, 4) 3.542332207673077
(13732, 2551, 4) 3.3799762451334168
(13782, 2601, 4) 3.461745987571785
(13832, 2651, 4) 3.7281454935753118
(13882, 2701, 4) 3.7849223886243486
(13932, 2751, 4) 3.970343027057602
(13982, 2801, 4) 3.595225626228128
(14032, 2851, 4) 3.6870353668456737
(14082, 2901, 4) 3.8597569515743437
(14132, 2951, 4) 3.630117604019315
(14182, 3001, 4) 3.246215969587439
(14232, 3051, 4) 3.463748719673344
(14282, 3101, 4) 3.9016324182320368
(14332, 3151, 4) 3.6968057124140543
(14382, 3201, 4) 3.962436582109479
(14432, 3251, 4) 3.9565042506779804
(14482, 3301, 4) 3.765663847631796
(14532, 3351, 4) 3.5136407800469733
(14582, 3401, 4) 3.774445363188608
(14632, 3451, 4) 3.5251014231671327
(14682, 3501, 4) 3.6531659756599595
(14732, 3551, 4) 3.9014759564759594
(14782, 3601, 4) 3.8331247811497455
(14832, 3651, 4) 3.8532424216641026
(14882, 3701, 4) 3.878314810737862
