(1, 1, 1) 153.37275172444163
(51, 51, 1) 95.19489710877225
(101, 101, 1) 94.56207571539976
(151, 151, 1) 94.21068507560399
(201, 201, 1) 93.51288902706713
(251, 251, 1) 93.27092155237621
(301, 301, 1) 100.78978536278163
(351, 351, 1) 96.65687118840013
(401, 401, 1) 96.70878191246437
(451, 451, 1) 101.258776224003
(501, 501, 1) 100.92009570585782
(551, 551, 1) 100.31572383601552
(601, 601, 1) 101.02984000220563
(651, 651, 1) 104.92422176809892
(701, 701, 1) 105.70832033596426
(751, 751, 1) 104.28901316162836
(801, 801, 1) 103.25214187403705
(851, 851, 1) 101.93235515352907
(901, 901, 1) 102.774789311962
(951, 951, 1) 103.59245653497874
(1001, 1001, 1) 102.67896069938958
(1051, 1051, 1) 103.47110496337218
(1101, 1101, 1) 104.25557125856754
(1151, 1151, 1) 105.25380878520231
(1201, 1201, 1) 103.50272554179863
(1251, 1251, 1) 105.46749000830833
(1301, 1301, 1) 107.0145325818385
(1351, 1351, 1) 106.44684338310051
(1401, 1401, 1) 107.54685127462935
(1451, 1451, 1) 107.41204729015676
(1501, 1501, 1) 105.0730847538921
(1551, 1551, 1) 105.1219960857873
(1601, 1601, 1) 105.52601156710874
(1651, 1651, 1) 107.80308186853664
(1701, 1701, 1) 106.33831517593592
(1751, 1751, 1) 106.66562833307746
(1801, 1801, 1) 106.99702592078641
(1851, 1851, 1) 106.0770669838895
(1901, 1901, 1) 106.28632400583302
(1951, 1951, 1) 107.01003632376897
(2001, 2001, 1) 106.8354962360091
(2051, 2051, 1) 106.90650396274917
(2101, 2101, 1) 107.51616241321592
(2151, 2151, 1) 107.5460543123226
(2201, 2201, 1) 107.3131675456032
(2251, 2251, 1) 107.1715975183859
(2301, 2301, 1) 107.08736780312327
(2351, 2351, 1) 107.18856484677642
(2401, 2401, 1) 106.1063327406186
(2451, 2451, 1) 107.98599648422314
(2501, 2501, 1) 108.22051546260118
(2551, 2551, 1) 108.40691409022287
(2601, 2601, 1) 108.11330849687441
(2651, 2651, 1) 107.31930035194192
(2701, 2701, 1) 107.32738686012256
(2751, 2751, 1) 107.56562467656103
(2801, 2801, 1) 108.7151050409656
(2851, 2851, 1) 107.4328067598536
(2901, 2901, 1) 107.157648164734
(2951, 2951, 1) 108.64339376513537
(3001, 3001, 1) 107.55049436647592
(3051, 3051, 1) 107.57894590683613
(3101, 3101, 1) 107.82501273601474
(3151, 3151, 1) 107.84086227994393
(3201, 3201, 1) 108.16314423524003
(3251, 3251, 1) 108.65906661140902
(3301, 3301, 1) 108.9236414344939
(3351, 3351, 1) 108.85528036595849
(3401, 3401, 1) 108.49897735757281
(3451, 3451, 1) 108.37812226566227
(3501, 3501, 1) 108.6003712408983
(3551, 3551, 1) 107.99695524491204
(3601, 3601, 1) 107.53680969354686
(3651, 3651, 1) 108.10556436622107
(3701, 3701, 1) 109.6165986084829
(3728, 1, 2) 108.75170329953751
(3778, 51, 2) 107.31488321920543
(3828, 101, 2) 107.8698725072296
(3878, 151, 2) 106.95481346360526
(3928, 201, 2) 106.35014272634797
(3978, 251, 2) 109.53006647361434
(4028, 301, 2) 108.28896780139948
(4078, 351, 2) 107.41727222833869
(4128, 401, 2) 109.41842550547494
(4178, 451, 2) 109.49262932826538
(4228, 501, 2) 108.86460797081972
(4278, 551, 2) 108.97651360761589
(4328, 601, 2) 109.46731903034603
(4378, 651, 2) 110.25926132709357
(4428, 701, 2) 109.98481327340592
(4478, 751, 2) 110.44364486077578
(4528, 801, 2) 110.11621296855381
(4578, 851, 2) 109.86314150075349
(4628, 901, 2) 109.62436593190552
(4678, 951, 2) 110.72744995896475
(4728, 1001, 2) 110.5506818730668
(4778, 1051, 2) 109.51022016566326
(4828, 1101, 2) 110.2385547510253
(4878, 1151, 2) 109.23773215367198
(4928, 1201, 2) 110.48705219375556
(4978, 1251, 2) 110.86044615805596
(5028, 1301, 2) 109.86646449925237
(5078, 1351, 2) 110.16673552898291
(5128, 1401, 2) 110.18785525119003
(5178, 1451, 2) 110.35765883635123
(5228, 1501, 2) 110.07117619340036
(5278, 1551, 2) 109.97406318628185
(5328, 1601, 2) 109.86991538972711
(5378, 1651, 2) 110.0378055801944
(5428, 1701, 2) 110.0555490244032
(5478, 1751, 2) 109.65861071997271
(5528, 1801, 2) 110.86969329449909
(5578, 1851, 2) 110.204248691558
(5628, 1901, 2) 109.05457386073007
(5678, 1951, 2) 110.08690921586624
(5728, 2001, 2) 109.23087176420601
(5778, 2051, 2) 110.34240614118198
(5828, 2101, 2) 108.82345578761772
(5878, 2151, 2) 109.59708322118182
(5928, 2201, 2) 109.79421881588318
(5978, 2251, 2) 109.90099442992272
(6028, 2301, 2) 109.55071352500006
(6078, 2351, 2) 109.12105115181778
(6128, 2401, 2) 108.02793172940252
(6178, 2451, 2) 109.55143391939943
(6228, 2501, 2) 110.58394817380602
(6278, 2551, 2) 110.40436284298951
(6328, 2601, 2) 109.70076450421679
(6378, 2651, 2) 109.25841025829556
(6428, 2701, 2) 109.54619825667535
(6478, 2751, 2) 108.11834299147628
(6528, 2801, 2) 110.15635047624559
(6578, 2851, 2) 108.189737958039
(6628, 2901, 2) 110.12757136227589
(6678, 2951, 2) 110.00123306464049
(6728, 3001, 2) 109.96745646938449
(6778, 3051, 2) 110.09618258696584
(6828, 3101, 2) 108.72490574306619
(6878, 3151, 2) 108.70482747241113
(6928, 3201, 2) 108.74763281746995
(6978, 3251, 2) 108.8571086216888
(7028, 3301, 2) 109.85749816942106
(7078, 3351, 2) 109.38555448368696
(7128, 3401, 2) 109.64967507123706
(7178, 3451, 2) 109.92518602478417
(7228, 3501, 2) 107.9287943599825
(7278, 3551, 2) 109.10609648108868
(7328, 3601, 2) 109.27207156564381
(7378, 3651, 2) 110.5180494678943
(7428, 3701, 2) 108.60964611586782
(7455, 1, 3) 109.05329936020124
(7505, 51, 3) 108.4345721219692
(7555, 101, 3) 106.78103728351677
(7605, 151, 3) 107.13786352142755
(7655, 201, 3) 106.79753651319929
(7705, 251, 3) 108.43962064550861
(7755, 301, 3) 108.29684770192327
(7805, 351, 3) 108.02399794824842
(7855, 401, 3) 108.4376120596724
(7905, 451, 3) 109.07640582264763
(7955, 501, 3) 108.49178364057832
(8005, 551, 3) 107.26820960765549
(8055, 601, 3) 107.99539284848994
(8105, 651, 3) 107.72809023053009
(8155, 701, 3) 108.41884920024535
(8205, 751, 3) 109.09439995283986
(8255, 801, 3) 109.25287858907767
(8305, 851, 3) 109.08170504210555
(8355, 901, 3) 108.05068745894957
(8405, 951, 3) 109.29670792568167
(8455, 1001, 3) 107.82894429693819
(8505, 1051, 3) 107.16997238218214
(8555, 1101, 3) 109.14287011238204
(8605, 1151, 3) 108.37701072697661
(8655, 1201, 3) 109.30083414942466
(8705, 1251, 3) 108.855972346216
(8755, 1301, 3) 108.69546020780207
(8805, 1351, 3) 106.53695303046605
(8855, 1401, 3) 107.53978517903971
(8905, 1451, 3) 108.62396914368907
(8955, 1501, 3) 109.46853994622155
(9005, 1551, 3) 107.90859539954965
(9055, 1601, 3) 108.30842859124296
(9105, 1651, 3) 108.38495823543647
(9155, 1701, 3) 108.07588482340296
(9205, 1751, 3) 108.9197483694933
(9255, 1801, 3) 107.29431426206506
(9305, 1851, 3) 108.68731054279627
(9355, 1901, 3) 106.46782598719307
(9405, 1951, 3) 108.63498454609838
(9455, 2001, 3) 106.47265962167062
(9505, 2051, 3) 107.60157308357302
(9555, 2101, 3) 108.79277937246613
(9605, 2151, 3) 107.85246182256411
(9655, 2201, 3) 107.9754179671555
(9705, 2251, 3) 108.0458699740664
(9755, 2301, 3) 107.49533051400509
(9805, 2351, 3) 109.2750552720311
(9855, 2401, 3) 107.9381228522134
(9905, 2451, 3) 108.459537237051
(9955, 2501, 3) 108.06726936135748
(10005, 2551, 3) 108.01424279563875
(10055, 2601, 3) 108.28824015351712
(10105, 2651, 3) 107.90639447390113
(10155, 2701, 3) 108.06410418297224
(10205, 2751, 3) 107.46893879383819
(10255, 2801, 3) 107.31613803115884
(10305, 2851, 3) 106.59977370050048
(10355, 2901, 3) 108.36515250867528
(10405, 2951, 3) 107.93780751853186
(10455, 3001, 3) 107.27012098290375
(10505, 3051, 3) 108.28539233386127
(10555, 3101, 3) 108.0393881229701
(10605, 3151, 3) 107.27299777136444
(10655, 3201, 3) 107.81911009713873
(10705, 3251, 3) 108.4357356733742
(10755, 3301, 3) 108.18289200202585
(10805, 3351, 3) 108.57359185399595
(10855, 3401, 3) 108.18102183956005
(10905, 3451, 3) 109.00981456560766
(10955, 3501, 3) 107.77145300590765
(11005, 3551, 3) 107.09787308761426
(11055, 3601, 3) 107.49199930841219
(11105, 3651, 3) 108.4539219756356
(11155, 3701, 3) 108.66511486815806
(11182, 1, 4) 109.07895679452027
(11232, 51, 4) 108.33281548113526
(11282, 101, 4) 108.3958891968114
(11332, 151, 4) 106.76827464842206
(11382, 201, 4) 106.83419339542115
(11432, 251, 4) 108.6452692521547
(11482, 301, 4) 106.89819119711768
(11532, 351, 4) 106.75434108738479
(11582, 401, 4) 107.70953979550234
(11632, 451, 4) 107.04799722967782
(11682, 501, 4) 106.2561809164013
(11732, 551, 4) 106.2548481346055
(11782, 601, 4) 105.82005964541139
(11832, 651, 4) 108.5020253561207
(11882, 701, 4) 105.99087348886185
(11932, 751, 4) 107.13061397729713
(11982, 801, 4) 107.14939794443968
(12032, 851, 4) 106.60544105347992
(12082, 901, 4) 107.45957632824476
(12132, 951, 4) 107.69126382900329
(12182, 1001, 4) 105.56425727282422
(12232, 1051, 4) 105.1238806025802
(12282, 1101, 4) 106.45317258715185
(12332, 1151, 4) 105.54320854473661
(12382, 1201, 4) 106.66344368809061
(12432, 1251, 4) 106.5158398634252
(12482, 1301, 4) 107.46353932109619
(12532, 1351, 4) 106.79480587076101
(12582, 1401, 4) 106.75546627322944
(12632, 1451, 4) 106.76531116544862
(12682, 1501, 4) 107.1062065912498
(12732, 1551, 4) 106.394653714268
(12782, 1601, 4) 107.07031362494082
(12832, 1651, 4) 105.76594445127473
(12882, 1701, 4) 105.61519952395622
(12932, 1751, 4) 106.27463508771254
(12982, 1801, 4) 105.37639781242693
(13032, 1851, 4) 105.96737140723992
(13082, 1901, 4) 104.52431906762817
(13132, 1951, 4) 105.98345047137346
(13182, 2001, 4) 105.3886597544684
(13232, 2051, 4) 107.0722188989055
(13282, 2101, 4) 106.66667704346322
(13332, 2151, 4) 106.24667562230265
(13382, 2201, 4) 106.89448966765258
(13432, 2251, 4) 107.26929051063914
(13482, 2301, 4) 106.35993367186347
(13532, 2351, 4) 107.82378204162393
(13582, 2401, 4) 105.93897919777635
(13632, 2451, 4) 107.41996473113139
(13682, 2501, 4) 108.5092551980658
(13732, 2551, 4) 107.31389477821286
(13782, 2601, 4) 107.8450197760416
(13832, 2651, 4) 107.20456891652913
(13882, 2701, 4) 107.0238187463116
(13932, 2751, 4) 107.07016954168999
(13982, 2801, 4) 106.75022983493106
(14032, 2851, 4) 105.9197411994139
(14082, 2901, 4) 107.63725308449148
(14132, 2951, 4) 107.37748260271027
(14182, 3001, 4) 107.94894118529731
(14232, 3051, 4) 107.9271790960639
(14282, 3101, 4) 107.18067684218508
(14332, 3151, 4) 106.9281812705416
(14382, 3201, 4) 106.88193049309555
(14432, 3251, 4) 107.23280816937617
(14482, 3301, 4) 107.30604224163646
(14532, 3351, 4) 108.27937561238565
(14582, 3401, 4) 106.91091934667158
(14632, 3451, 4) 107.87295558700727
(14682, 3501, 4) 108.17250208509135
(14732, 3551, 4) 106.34973782726674
(14782, 3601, 4) 107.22690075969273
(14832, 3651, 4) 107.5872180713954
(14882, 3701, 4) 108.8561447936212
