(1, 1, 1) 11.811582539894136
(21, 21, 1) 10.239780502631849
(41, 41, 1) 7.619793345099852
(61, 61, 1) 7.313982043344271
(81, 81, 1) 7.326467983283029
(101, 101, 1) 7.283175239986804
(121, 121, 1) 7.279813192509951
(141, 141, 1) 7.246143522807718
(161, 161, 1) 7.263107907496365
(181, 181, 1) 7.240623812773469
(201, 201, 1) 7.211866254111216
(221, 221, 1) 7.188531826924558
(241, 241, 1) 7.156939273925431
(261, 261, 1) 7.086916233973821
(281, 281, 1) 7.08075041500594
(301, 301, 1) 7.044558752553091
(321, 321, 1) 7.005039067601078
(341, 341, 1) 7.016403440952199
(361, 361, 1) 6.930084684425225
(381, 381, 1) 6.871195636172205
(401, 401, 1) 6.835756070672947
(421, 421, 1) 6.780080896260328
(441, 441, 1) 6.817556615712888
(461, 461, 1) 6.773519112561542
(481, 481, 1) 6.7949516020134295
(501, 501, 1) 6.732508289138261
(521, 521, 1) 6.742319462821124
(541, 541, 1) 6.736743634030257
(561, 561, 1) 6.720778528388133
(581, 581, 1) 6.728919053293126
(601, 601, 1) 6.658203171265029
(621, 621, 1) 6.702276105410649
(641, 641, 1) 6.5838270285546185
(661, 661, 1) 6.654876909076899
(681, 681, 1) 6.6548387353344625
(701, 701, 1) 6.558906539555427
(721, 721, 1) 6.580468011526868
(741, 741, 1) 6.559546727180889
(761, 761, 1) 6.501339869777266
(781, 781, 1) 6.518157500533785
(801, 801, 1) 6.471888752666855
(821, 821, 1) 6.45339513208239
(841, 841, 1) 6.50911888988958
(861, 861, 1) 6.514350415600852
(881, 881, 1) 6.442984259899927
(901, 901, 1) 6.352576046625087
(921, 921, 1) 6.484398378820242
(941, 941, 1) 6.436719617800573
(961, 961, 1) 6.327143143729347
(981, 981, 1) 6.375097767656656
(1001, 1001, 1) 6.363319756605277
(1021, 1021, 1) 6.394981655849298
(1041, 1041, 1) 6.347151633756896
(1061, 1061, 1) 6.35078451053632
(1081, 1081, 1) 6.3101742111805015
(1101, 1101, 1) 6.304599730182628
(1121, 1121, 1) 6.2538145669455805
(1141, 1141, 1) 6.271398310915389
(1161, 1161, 1) 6.246790651214256
(1181, 1181, 1) 6.217038124919249
(1201, 1201, 1) 6.214323374295196
(1221, 1221, 1) 6.240975366676669
(1241, 1241, 1) 6.2512733883641545
(1261, 1261, 1) 6.3004397835873265
(1281, 1281, 1) 6.12971556365175
(1301, 1301, 1) 6.187075353560095
(1321, 1321, 1) 6.204824207872138
(1341, 1341, 1) 6.246908972565928
(1361, 1361, 1) 6.177615925316664
(1381, 1381, 1) 6.207911652018154
(1401, 1401, 1) 6.141542144218716
(1421, 1421, 1) 6.154591026481468
(1441, 1441, 1) 6.2215699683755386
(1461, 1461, 1) 6.111830128149132
(1481, 1481, 1) 6.068392432102612
(1501, 1501, 1) 6.118408207673953
(1521, 1521, 1) 6.109318775808349
(1541, 1541, 1) 6.145026446684047
(1561, 1561, 1) 6.041858413263518
(1581, 1581, 1) 5.976196343963777
(1601, 1601, 1) 6.041947482065793
(1621, 1621, 1) 6.065031512051434
(1641, 1641, 1) 6.022173311133125
(1661, 1661, 1) 6.089264489911434
(1681, 1681, 1) 6.010944570173766
(1701, 1701, 1) 6.06258336374644
(1721, 1721, 1) 6.020055566799853
(1741, 1741, 1) 5.91519163653348
(1761, 1761, 1) 5.906634880902187
(1781, 1781, 1) 5.982745376433821
(1801, 1801, 1) 5.971941612292397
(1821, 1821, 1) 5.895752298410942
(1841, 1841, 1) 5.922881187959314
(1861, 1861, 1) 5.905014086559691
(1881, 1881, 1) 5.919959358281561
(1901, 1901, 1) 5.944011182927836
(1921, 1921, 1) 5.8517253769705055
(1941, 1941, 1) 5.870846690705102
(1961, 1961, 1) 5.8754248797749025
(1981, 1981, 1) 5.868270928764419
(2001, 2001, 1) 5.905224202375111
(2021, 2021, 1) 5.745437146559668
(2041, 2041, 1) 5.835525469211781
(2061, 2061, 1) 5.940789282039534
(2081, 2081, 1) 5.833669136533955
(2101, 2101, 1) 5.77584827377624
(2121, 2121, 1) 5.878109361573296
(2141, 2141, 1) 5.811296361638674
(2161, 2161, 1) 5.829724027809882
(2181, 2181, 1) 5.7754412309714125
(2201, 2201, 1) 5.804536154046799
(2221, 2221, 1) 5.778099937525443
(2241, 2241, 1) 5.720366280014737
(2261, 2261, 1) 5.680359475086049
(2281, 2281, 1) 5.71723282421943
(2301, 2301, 1) 5.718534115782321
(2321, 2321, 1) 5.70242372229385
(2341, 2341, 1) 5.687183666947139
(2361, 2361, 1) 5.66348033930846
(2381, 2381, 1) 5.729125594254626
(2401, 2401, 1) 5.687734822439488
(2421, 2421, 1) 5.7151842448108585
(2441, 2441, 1) 5.654091516009496
(2461, 2461, 1) 5.67490856250903
(2481, 2481, 1) 5.633448438495267
(2501, 2501, 1) 5.646873461044304
(2521, 2521, 1) 5.612446899292296
(2541, 2541, 1) 5.519676474980654
(2561, 2561, 1) 5.60960875067386
(2581, 2581, 1) 5.534751696267113
(2601, 2601, 1) 5.5648189962541235
(2621, 2621, 1) 5.628915866764562
(2641, 2641, 1) 5.5448643853415716
(2661, 2661, 1) 5.492823531056989
(2681, 2681, 1) 5.528737410385589
(2701, 2701, 1) 5.575486893622157
(2721, 2721, 1) 5.569270843057971
(2741, 2741, 1) 5.487936738598913
(2761, 2761, 1) 5.511755483136977
(2781, 2781, 1) 5.537416928425412
(2801, 2801, 1) 5.380925578952179
(2821, 2821, 1) 5.4642006996365415
(2841, 2841, 1) 5.524113254276881
(2861, 2861, 1) 5.432298677826706
(2881, 2881, 1) 5.475996638783943
(2901, 2901, 1) 5.434429060323687
(2921, 2921, 1) 5.387186800934373
(2941, 2941, 1) 5.372287482841694
(2961, 2961, 1) 5.423983895265262
(2981, 2981, 1) 5.381605840144312
(3001, 3001, 1) 5.396531111410242
(3021, 3021, 1) 5.339503707135249
(3041, 3041, 1) 5.471306498808359
(3061, 3061, 1) 5.365461546815324
(3081, 3081, 1) 5.350002734933878
(3101, 3101, 1) 5.282598847093507
(3121, 3121, 1) 5.32189316588868
(3141, 3141, 1) 5.262715874040909
(3161, 3161, 1) 5.275291339483377
(3181, 3181, 1) 5.240651219974142
(3201, 3201, 1) 5.20959092242194
(3221, 3221, 1) 5.290703537603401
(3241, 3241, 1) 5.2820838391558524
(3261, 3261, 1) 5.244900862468322
(3281, 3281, 1) 5.188437915459216
(3301, 3301, 1) 5.181189276769611
(3321, 3321, 1) 5.278797055775173
(3341, 3341, 1) 5.211445395094833
(3361, 3361, 1) 5.1940347369567
(3381, 3381, 1) 5.168742386588626
(3401, 3401, 1) 5.130223227609043
(3421, 3421, 1) 5.138252553008809
(3441, 3441, 1) 5.1559131026314216
(3461, 3461, 1) 5.133787305677297
(3481, 3481, 1) 5.078215166229122
(3501, 3501, 1) 5.10696362575458
(3521, 3521, 1) 5.186058546341995
(3541, 3541, 1) 5.093285852406156
(3561, 3561, 1) 5.0675837013019045
(3581, 3581, 1) 5.080413084207527
(3601, 3601, 1) 4.9783482915467925
(3621, 3621, 1) 5.013837247295928
(3641, 3641, 1) 5.01570501218586
(3661, 3661, 1) 5.010200788108843
(3681, 3681, 1) 4.9716334748305435
(3701, 3701, 1) 4.984085996917976
(3721, 3721, 1) 4.992916217855334
(3728, 1, 2) 4.856666586069889
(3748, 21, 2) 4.924623585509635
(3768, 41, 2) 4.917033934090055
(3788, 61, 2) 4.888143534175745
(3808, 81, 2) 4.849698253504167
(3828, 101, 2) 4.876581631931524
(3848, 121, 2) 4.805805377862263
(3868, 141, 2) 4.9112649243697115
(3888, 161, 2) 4.909426186118078
(3908, 181, 2) 4.887137375818726
(3928, 201, 2) 4.782962555945554
(3948, 221, 2) 4.800725951800729
(3968, 241, 2) 4.853828376246804
(3988, 261, 2) 4.713558476375413
(4008, 281, 2) 4.870004943358734
(4028, 301, 2) 4.778156750339094
(4048, 321, 2) 4.810604519085897
(4068, 341, 2) 4.822432652840748
(4088, 361, 2) 4.815012503182614
(4108, 381, 2) 4.771322087765142
(4128, 401, 2) 4.704870738804717
(4148, 421, 2) 4.6470070113873945
(4168, 441, 2) 4.767863148267929
(4188, 461, 2) 4.715404586648727
(4208, 481, 2) 4.725507947457687
(4228, 501, 2) 4.6803949947988
(4248, 521, 2) 4.664958600810019
(4268, 541, 2) 4.680105716068065
(4288, 561, 2) 4.672570113662302
(4308, 581, 2) 4.652629234559711
(4328, 601, 2) 4.607544757277424
(4348, 621, 2) 4.636989711188951
(4368, 641, 2) 4.618490865001096
(4388, 661, 2) 4.619102144695675
(4408, 681, 2) 4.5983638380204095
(4428, 701, 2) 4.593679364061867
(4448, 721, 2) 4.566570887104046
(4468, 741, 2) 4.635887468540962
(4488, 761, 2) 4.514084149246956
(4508, 781, 2) 4.561155761980666
(4528, 801, 2) 4.515943815973262
(4548, 821, 2) 4.540346080186363
(4568, 841, 2) 4.5724944454047245
(4588, 861, 2) 4.569594114375605
(4608, 881, 2) 4.450285160179857
(4628, 901, 2) 4.408919232638746
(4648, 921, 2) 4.530742202148631
(4668, 941, 2) 4.532188904207292
(4688, 961, 2) 4.370438743398372
(4708, 981, 2) 4.486402000303088
(4728, 1001, 2) 4.534327016458174
(4748, 1021, 2) 4.517019495905875
(4768, 1041, 2) 4.474120462999746
(4788, 1061, 2) 4.536678096527704
(4808, 1081, 2) 4.447676797047832
(4828, 1101, 2) 4.394363087544562
(4848, 1121, 2) 4.492770510927187
(4868, 1141, 2) 4.449827167148909
(4888, 1161, 2) 4.431875166874043
(4908, 1181, 2) 4.334481076687494
(4928, 1201, 2) 4.3887019704746235
(4948, 1221, 2) 4.422731074735885
(4968, 1241, 2) 4.344632628932411
(4988, 1261, 2) 4.503024193728694
(5008, 1281, 2) 4.326173800597547
(5028, 1301, 2) 4.3523589152928555
(5048, 1321, 2) 4.414374727036055
(5068, 1341, 2) 4.463869752504127
(5088, 1361, 2) 4.3214743388551975
(5108, 1381, 2) 4.456364850304057
(5128, 1401, 2) 4.353718524917392
(5148, 1421, 2) 4.305470842866033
(5168, 1441, 2) 4.445355735211099
(5188, 1461, 2) 4.423495280598469
(5208, 1481, 2) 4.307957669152062
(5228, 1501, 2) 4.3730109746864105
(5248, 1521, 2) 4.298880351533483
(5268, 1541, 2) 4.345196335331211
(5288, 1561, 2) 4.224276596710586
(5308, 1581, 2) 4.210604111822967
(5328, 1601, 2) 4.2992786218389565
(5348, 1621, 2) 4.257645288790866
(5368, 1641, 2) 4.283916074096236
(5388, 1661, 2) 4.321004175360639
(5408, 1681, 2) 4.257732756621908
(5428, 1701, 2) 4.2852523970911545
(5448, 1721, 2) 4.267738251792478
(5468, 1741, 2) 4.15320666566095
(5488, 1761, 2) 4.176115833260599
(5508, 1781, 2) 4.2690020161795115
(5528, 1801, 2) 4.214820841077456
(5548, 1821, 2) 4.161056621527988
(5568, 1841, 2) 4.137604688113873
(5588, 1861, 2) 4.181545997371861
(5608, 1881, 2) 4.1219591481903795
(5628, 1901, 2) 4.220295974991985
(5648, 1921, 2) 4.155060138204502
(5668, 1941, 2) 4.123873498944025
(5688, 1961, 2) 4.160012933826829
(5708, 1981, 2) 4.159352527330367
(5728, 2001, 2) 4.259390861200299
(5748, 2021, 2) 4.04453029968048
(5768, 2041, 2) 4.0253629022753366
(5788, 2061, 2) 4.233589597588993
(5808, 2081, 2) 4.18818943586729
(5828, 2101, 2) 4.115370714416434
(5848, 2121, 2) 4.206295351195815
(5868, 2141, 2) 4.168411628322036
(5888, 2161, 2) 4.209863847988803
(5908, 2181, 2) 4.121518762923994
(5928, 2201, 2) 4.203403357957603
(5948, 2221, 2) 4.097209270499321
(5968, 2241, 2) 4.061326415399057
(5988, 2261, 2) 4.038082129513731
(6008, 2281, 2) 4.085202984132943
(6028, 2301, 2) 4.110465835857733
(6048, 2321, 2) 4.07369699934889
(6068, 2341, 2) 4.0850358062382455
(6088, 2361, 2) 4.0288701814854235
(6108, 2381, 2) 4.118613302900602
(6128, 2401, 2) 4.023761529243106
(6148, 2421, 2) 4.094054320493566
(6168, 2441, 2) 4.031891768070955
(6188, 2461, 2) 4.032485147343467
(6208, 2481, 2) 4.038452606476682
(6228, 2501, 2) 4.0133635601594575
(6248, 2521, 2) 4.044847794704444
(6268, 2541, 2) 3.9503836043656038
(6288, 2561, 2) 4.035620615356095
(6308, 2581, 2) 3.9660098230901872
(6328, 2601, 2) 3.980554371507427
(6348, 2621, 2) 4.050583412618838
(6368, 2641, 2) 4.09527725262335
(6388, 2661, 2) 3.938030240758981
(6408, 2681, 2) 3.916006559808641
(6428, 2701, 2) 4.075083577785664
(6448, 2721, 2) 4.0082893912322906
(6468, 2741, 2) 4.029800669587962
(6488, 2761, 2) 3.9743673069900454
(6508, 2781, 2) 4.026329444786433
(6528, 2801, 2) 3.8560422170484854
(6548, 2821, 2) 3.8903266215198555
(6568, 2841, 2) 4.011868241517188
(6588, 2861, 2) 3.932493908368388
(6608, 2881, 2) 3.999744037481426
(6628, 2901, 2) 3.9325198952261298
(6648, 2921, 2) 3.927190302044007
(6668, 2941, 2) 3.899205470005066
(6688, 2961, 2) 3.9837386995032644
(6708, 2981, 2) 3.9172709204787557
(6728, 3001, 2) 3.9853076196787427
(6748, 3021, 2) 3.8972848131524622
(6768, 3041, 2) 3.9927686155553785
(6788, 3061, 2) 3.9387767560363516
(6808, 3081, 2) 3.9198047954538864
(6828, 3101, 2) 3.8628595371666243
(6848, 3121, 2) 3.88124478068283
(6868, 3141, 2) 3.8788177410145606
(6888, 3161, 2) 3.91225541925902
(6908, 3181, 2) 3.9029714967699647
(6928, 3201, 2) 3.84277367986816
(6948, 3221, 2) 3.8912098783582514
(6968, 3241, 2) 3.874901597499856
(6988, 3261, 2) 3.9392976901907395
(7008, 3281, 2) 3.796871437759878
(7028, 3301, 2) 3.806510889887093
(7048, 3321, 2) 3.94758495728187
(7068, 3341, 2) 3.8707652360735167
(7088, 3361, 2) 3.791912895301464
(7108, 3381, 2) 3.8360879581312437
(7128, 3401, 2) 3.8110521918250755
(7148, 3421, 2) 3.8214874066536972
(7168, 3441, 2) 3.7944245229066054
(7188, 3461, 2) 3.8369733847215373
(7208, 3481, 2) 3.746258027191619
(7228, 3501, 2) 3.8316273370693033
(7248, 3521, 2) 3.8886295502876003
(7268, 3541, 2) 3.8081982905402434
(7288, 3561, 2) 3.7733488049912602
(7308, 3581, 2) 3.8205361017982247
(7328, 3601, 2) 3.710887301972999
(7348, 3621, 2) 3.784415784759824
(7368, 3641, 2) 3.739761669492361
(7388, 3661, 2) 3.759141148710629
(7408, 3681, 2) 3.732906555423246
(7428, 3701, 2) 3.7404794310055345
(7448, 3721, 2) 3.7381296593079574
(7455, 1, 3) 3.6350655215263346
(7475, 21, 3) 3.745764872040154
(7495, 41, 3) 3.7468638330212998
(7515, 61, 3) 3.7585244190726312
(7535, 81, 3) 3.713688413942817
(7555, 101, 3) 3.721035507171287
(7575, 121, 3) 3.6539833861417153
(7595, 141, 3) 3.7803111111862497
(7615, 161, 3) 3.802337067776468
(7635, 181, 3) 3.760876292991307
(7655, 201, 3) 3.641661475843745
(7675, 221, 3) 3.719737823254282
(7695, 241, 3) 3.7997360320693603
(7715, 261, 3) 3.6169064448951227
(7735, 281, 3) 3.8078991772889372
(7755, 301, 3) 3.715218522055823
(7775, 321, 3) 3.7687599609658404
(7795, 341, 3) 3.779873696766105
(7815, 361, 3) 3.8070141781913405
(7835, 381, 3) 3.7348066031593357
(7855, 401, 3) 3.667357576116271
(7875, 421, 3) 3.6348518927046443
(7895, 441, 3) 3.7384604916561153
(7915, 461, 3) 3.6974438762013393
(7935, 481, 3) 3.7240485528972096
(7955, 501, 3) 3.693723224604592
(7975, 521, 3) 3.6464271579641965
(7995, 541, 3) 3.6660053267654455
(8015, 561, 3) 3.713524035042348
(8035, 581, 3) 3.6291479483919344
(8055, 601, 3) 3.5997009455704516
(8075, 621, 3) 3.6382731501585157
(8095, 641, 3) 3.6658346974815004
(8115, 661, 3) 3.629562313771879
(8135, 681, 3) 3.628555408245144
(8155, 701, 3) 3.639079820031874
(8175, 721, 3) 3.6308901907458244
(8195, 741, 3) 3.665772002955194
(8215, 761, 3) 3.575326533819117
(8235, 781, 3) 3.627127050782574
(8255, 801, 3) 3.5620971110894883
(8275, 821, 3) 3.6248754552324263
(8295, 841, 3) 3.6408252392669214
(8315, 861, 3) 3.5980810075938385
(8335, 881, 3) 3.524796960608215
(8355, 901, 3) 3.4899378132300094
(8375, 921, 3) 3.5826766199870455
(8395, 941, 3) 3.5882769940096644
(8415, 961, 3) 3.4471834483173565
(8435, 981, 3) 3.6049165390540487
(8455, 1001, 3) 3.665201577662226
(8475, 1021, 3) 3.639870773175704
(8495, 1041, 3) 3.61041393953127
(8515, 1061, 3) 3.6557290096213535
(8535, 1081, 3) 3.6053618438351207
(8555, 1101, 3) 3.5265349740298424
(8575, 1121, 3) 3.690174154941353
(8595, 1141, 3) 3.625629515085362
(8615, 1161, 3) 3.595863092325043
(8635, 1181, 3) 3.493437390260978
(8655, 1201, 3) 3.5227823823142588
(8675, 1221, 3) 3.5743526727318637
(8695, 1241, 3) 3.506503405871546
(8715, 1261, 3) 3.6668244397298766
(8735, 1281, 3) 3.5326161433103787
(8755, 1301, 3) 3.5305985285207924
(8775, 1321, 3) 3.5815604854334318
(8795, 1341, 3) 3.629796491982904
(8815, 1361, 3) 3.4904508695460437
(8835, 1381, 3) 3.6713647127188005
(8855, 1401, 3) 3.553266788968486
(8875, 1421, 3) 3.5162949317850094
(8895, 1441, 3) 3.6043348911876123
(8915, 1461, 3) 3.643302604671755
(8935, 1481, 3) 3.5307198717574755
(8955, 1501, 3) 3.5982986779949337
(8975, 1521, 3) 3.5056470824215373
(8995, 1541, 3) 3.5342421936896975
(9015, 1561, 3) 3.4629998965877298
(9035, 1581, 3) 3.450922021038872
(9055, 1601, 3) 3.541471296968512
(9075, 1621, 3) 3.507935854320904
(9095, 1641, 3) 3.5159817819549444
(9115, 1661, 3) 3.5524487307897616
(9135, 1681, 3) 3.494900539843816
(9155, 1701, 3) 3.5108000231733114
(9175, 1721, 3) 3.529063061000689
(9195, 1741, 3) 3.4230091789422743
(9215, 1761, 3) 3.4606787208563468
(9235, 1781, 3) 3.5485218946611177
(9255, 1801, 3) 3.500510562218378
(9275, 1821, 3) 3.4743549508776126
(9295, 1841, 3) 3.3944258863727876
(9315, 1861, 3) 3.484304269843598
(9335, 1881, 3) 3.40057531597337
(9355, 1901, 3) 3.5205627115942306
(9375, 1921, 3) 3.480512596173077
(9395, 1941, 3) 3.435574513522554
(9415, 1961, 3) 3.4987141785450833
(9435, 1981, 3) 3.474768018184308
(9455, 2001, 3) 3.5921670169750834
(9475, 2021, 3) 3.3763396166451485
(9495, 2041, 3) 3.3407332974305453
(9515, 2061, 3) 3.568773960655446
(9535, 2081, 3) 3.5455532485745698
(9555, 2101, 3) 3.4631470986204262
(9575, 2121, 3) 3.5225812536552055
(9595, 2141, 3) 3.528593128839609
(9615, 2161, 3) 3.583734248738408
(9635, 2181, 3) 3.491659622530915
(9655, 2201, 3) 3.5687445271719773
(9675, 2221, 3) 3.434595120088298
(9695, 2241, 3) 3.437935560208939
(9715, 2261, 3) 3.4271991394592027
(9735, 2281, 3) 3.4751284971031096
(9755, 2301, 3) 3.4761931429725634
(9775, 2321, 3) 3.4480332065743404
(9795, 2341, 3) 3.4712273493847876
(9815, 2361, 3) 3.3947657192726943
(9835, 2381, 3) 3.4767488235610338
(9855, 2401, 3) 3.397841785836152
(9875, 2421, 3) 3.490107510889717
(9895, 2441, 3) 3.4206323966766847
(9915, 2461, 3) 3.406025161327652
(9935, 2481, 3) 3.453626736167071
(9955, 2501, 3) 3.4200639758741502
(9975, 2521, 3) 3.4428726979392317
(9995, 2541, 3) 3.348739446095339
(10015, 2561, 3) 3.4366072474074785
(10035, 2581, 3) 3.3901328988386075
(10055, 2601, 3) 3.3802752957778437
(10075, 2621, 3) 3.4618884362108266
(10095, 2641, 3) 3.522806532596605
(10115, 2661, 3) 3.3617531986530764
(10135, 2681, 3) 3.3120328434341033
(10155, 2701, 3) 3.533821498920551
(10175, 2721, 3) 3.414111403031486
(10195, 2741, 3) 3.488715572243472
(10215, 2761, 3) 3.394910196068504
(10235, 2781, 3) 3.4655989876964384
(10255, 2801, 3) 3.3120794940144114
(10275, 2821, 3) 3.30840692081613
(10295, 2841, 3) 3.4584805771462634
(10315, 2861, 3) 3.413197189388306
(10335, 2881, 3) 3.4657671454833467
(10355, 2901, 3) 3.3909312643322496
(10375, 2921, 3) 3.3747122541756793
(10395, 2941, 3) 3.3589658032012153
(10415, 2961, 3) 3.447326487982127
(10435, 2981, 3) 3.370670023784231
(10455, 3001, 3) 3.4655569041857612
(10475, 3021, 3) 3.3840995620906
(10495, 3041, 3) 3.4764248630620216
(10515, 3061, 3) 3.4266981113035273
(10535, 3081, 3) 3.383016393936052
(10555, 3101, 3) 3.3398322246593977
(10575, 3121, 3) 3.3707180747699956
(10595, 3141, 3) 3.382243681069481
(10615, 3161, 3) 3.4156342041293284
(10635, 3181, 3) 3.3924540109295522
(10655, 3201, 3) 3.351059740733563
(10675, 3221, 3) 3.396458386356233
(10695, 3241, 3) 3.3861015995350408
(10715, 3261, 3) 3.4327994435837894
(10735, 3281, 3) 3.2827133249319322
(10755, 3301, 3) 3.311319889366169
(10775, 3321, 3) 3.4429157036617646
(10795, 3341, 3) 3.3904394074759
(10815, 3361, 3) 3.294953123595904
(10835, 3381, 3) 3.3518876266271995
(10855, 3401, 3) 3.320304030036877
(10875, 3421, 3) 3.3419135719548914
(10895, 3441, 3) 3.307176464864694
(10915, 3461, 3) 3.343343188084827
(10935, 3481, 3) 3.262834776958143
(10955, 3501, 3) 3.37355918217271
(10975, 3521, 3) 3.4107430566421093
(10995, 3541, 3) 3.316635987406209
(11015, 3561, 3) 3.318026798130017
(11035, 3581, 3) 3.3585870176596453
(11055, 3601, 3) 3.2580820512248656
(11075, 3621, 3) 3.3254320511195323
(11095, 3641, 3) 3.2675583600910842
(11115, 3661, 3) 3.27756737314679
(11135, 3681, 3) 3.2834554821215414
(11155, 3701, 3) 3.2906002312891642
(11175, 3721, 3) 3.290868893168682
(11182, 1, 4) 3.1942406178864835
(11202, 21, 4) 3.3076589117813073
(11222, 41, 4) 3.3055597864313784
(11242, 61, 4) 3.345145433128915
(11262, 81, 4) 3.2523198081967566
(11282, 101, 4) 3.2913144332722135
(11302, 121, 4) 3.2135435052534214
(11322, 141, 4) 3.367145923941103
(11342, 161, 4) 3.376326621631604
(11362, 181, 4) 3.3376017897856207
(11382, 201, 4) 3.2099873129566197
(11402, 221, 4) 3.3135711212973646
(11422, 241, 4) 3.3914276490040196
(11442, 261, 4) 3.1911054583357283
(11462, 281, 4) 3.3841384446288068
(11482, 301, 4) 3.3000301819071334
(11502, 321, 4) 3.370903770560048
(11522, 341, 4) 3.3557134124294956
(11542, 361, 4) 3.389480845392426
(11562, 381, 4) 3.333273437722118
(11582, 401, 4) 3.2525682723245217
(11602, 421, 4) 3.2436431971843946
(11622, 441, 4) 3.335934844905464
(11642, 461, 4) 3.2867327949009395
(11662, 481, 4) 3.317447383308024
(11682, 501, 4) 3.3044487330082504
(11702, 521, 4) 3.2531815763755545
(11722, 541, 4) 3.2628093315729245
(11742, 561, 4) 3.316630521464687
(11762, 581, 4) 3.222811089847525
(11782, 601, 4) 3.2235959850512783
(11802, 621, 4) 3.234552345168848
(11822, 641, 4) 3.2767378596966643
(11842, 661, 4) 3.240029288697939
(11862, 681, 4) 3.257119255210079
(11882, 701, 4) 3.2601157972738917
(11902, 721, 4) 3.239820508703276
(11922, 741, 4) 3.272387400899538
(11942, 761, 4) 3.2032062675910837
(11962, 781, 4) 3.23782981896386
(11982, 801, 4) 3.2018116543294397
(12002, 821, 4) 3.273928978889793
(12022, 841, 4) 3.256165758801143
(12042, 861, 4) 3.224632161823213
(12062, 881, 4) 3.1367033135146802
(12082, 901, 4) 3.104425880859277
(12102, 921, 4) 3.195332395999349
(12122, 941, 4) 3.221533856269177
(12142, 961, 4) 3.0840804136859488
(12162, 981, 4) 3.2544680317261294
(12182, 1001, 4) 3.2994264553487698
(12202, 1021, 4) 3.259703985489896
(12222, 1041, 4) 3.242928308800259
(12242, 1061, 4) 3.2942494232909936
(12262, 1081, 4) 3.2430648526217367
(12282, 1101, 4) 3.1785271904384818
(12302, 1121, 4) 3.3173033819690807
(12322, 1141, 4) 3.255414039653929
(12342, 1161, 4) 3.246781802078666
(12362, 1181, 4) 3.1285470887733062
(12382, 1201, 4) 3.158761355782733
(12402, 1221, 4) 3.2402790274427615
(12422, 1241, 4) 3.1706815092095786
(12442, 1261, 4) 3.3067954134233792
(12462, 1281, 4) 3.1873284324371487
(12482, 1301, 4) 3.1634279402610117
(12502, 1321, 4) 3.239893794179282
(12522, 1341, 4) 3.287371779830477
(12542, 1361, 4) 3.1296269718014518
(12562, 1381, 4) 3.328108186734922
(12582, 1401, 4) 3.200044137479908
(12602, 1421, 4) 3.184439712679777
(12622, 1441, 4) 3.2885770327933095
(12642, 1461, 4) 3.318533943779093
(12662, 1481, 4) 3.184887625642493
(12682, 1501, 4) 3.273749191844339
(12702, 1521, 4) 3.162881931996924
(12722, 1541, 4) 3.199084590990009
(12742, 1561, 4) 3.1206690321031685
(12762, 1581, 4) 3.1244568642175325
(12782, 1601, 4) 3.209183117760749
(12802, 1621, 4) 3.1973292765187917
(12822, 1641, 4) 3.189935282290891
(12842, 1661, 4) 3.223333507114597
(12862, 1681, 4) 3.160334191170258
(12882, 1701, 4) 3.1947962267492325
(12902, 1721, 4) 3.2091972263194926
(12922, 1741, 4) 3.0964077948604154
(12942, 1761, 4) 3.163682061365283
(12962, 1781, 4) 3.2164279402426934
(12982, 1801, 4) 3.193775273424543
(13002, 1821, 4) 3.1689234299809645
(13022, 1841, 4) 3.0812664552927673
(13042, 1861, 4) 3.1900407667035364
(13062, 1881, 4) 3.0719695424995814
(13082, 1901, 4) 3.201648038432256
(13102, 1921, 4) 3.1618375448011844
(13122, 1941, 4) 3.127269491373993
(13142, 1961, 4) 3.170220929082872
(13162, 1981, 4) 3.163736031250327
(13182, 2001, 4) 3.269187526910384
(13202, 2021, 4) 3.0575374807316207
(13222, 2041, 4) 3.0214402852785027
(13242, 2061, 4) 3.269374437842038
(13262, 2081, 4) 3.245636919103249
(13282, 2101, 4) 3.1572910102745397
(13302, 2121, 4) 3.2006349856037017
(13322, 2141, 4) 3.2174971580155116
(13342, 2161, 4) 3.2762873867207523
(13362, 2181, 4) 3.2073709892768614
(13382, 2201, 4) 3.268565358087348
(13402, 2221, 4) 3.138806815503037
(13422, 2241, 4) 3.1437901113305733
(13442, 2261, 4) 3.104756409038134
(13462, 2281, 4) 3.1757557082160974
(13482, 2301, 4) 3.1638763216383925
(13502, 2321, 4) 3.1490954189325344
(13522, 2341, 4) 3.18344286558954
(13542, 2361, 4) 3.095476229559788
(13562, 2381, 4) 3.169783724483273
(13582, 2401, 4) 3.1086221377102143
(13602, 2421, 4) 3.181777843465027
(13622, 2441, 4) 3.1275659399336764
(13642, 2461, 4) 3.1145191714261364
(13662, 2481, 4) 3.17267660095228
(13682, 2501, 4) 3.1198434276371185
(13702, 2521, 4) 3.159456914034715
(13722, 2541, 4) 3.074180632961975
(13742, 2561, 4) 3.141607693476221
(13762, 2581, 4) 3.108431570052318
(13782, 2601, 4) 3.088015267004918
(13802, 2621, 4) 3.1689860584631755
(13822, 2641, 4) 3.257925171524453
(13842, 2661, 4) 3.0970972777958132
(13862, 2681, 4) 3.0334642179865083
(13882, 2701, 4) 3.234376504200351
(13902, 2721, 4) 3.107776085063359
(13922, 2741, 4) 3.203580254631776
(13942, 2761, 4) 3.1217412654520498
(13962, 2781, 4) 3.1868405304613305
(13982, 2801, 4) 3.0338209443495794
(14002, 2821, 4) 3.0328504545862316
(14022, 2841, 4) 3.1954866866530662
(14042, 2861, 4) 3.144795181823736
(14062, 2881, 4) 3.1977859320227595
(14082, 2901, 4) 3.1200178410201524
(14102, 2921, 4) 3.111679680773466
(14122, 2941, 4) 3.092948082019384
(14142, 2961, 4) 3.1632154760175246
(14162, 2981, 4) 3.096091067028989
(14182, 3001, 4) 3.193814000430086
(14202, 3021, 4) 3.0950626761652233
(14222, 3041, 4) 3.198139423364043
(14242, 3061, 4) 3.137986541300891
(14262, 3081, 4) 3.0964935230118154
(14282, 3101, 4) 3.083781797770377
(14302, 3121, 4) 3.1035542677414445
(14322, 3141, 4) 3.1042340555642483
(14342, 3161, 4) 3.1393892831425214
(14362, 3181, 4) 3.123774362358628
(14382, 3201, 4) 3.104816465880302
(14402, 3221, 4) 3.1208827283758587
(14422, 3241, 4) 3.116042229456887
(14442, 3261, 4) 3.172683192993672
(14462, 3281, 4) 3.0135651650644695
(14482, 3301, 4) 3.052647995771033
(14502, 3321, 4) 3.150311594323524
(14522, 3341, 4) 3.129523907715088
(14542, 3361, 4) 3.014504825279503
(14562, 3381, 4) 3.07942730214618
(14582, 3401, 4) 3.0671643878141923
(14602, 3421, 4) 3.09635155501368
(14622, 3441, 4) 3.0427294225049075
(14642, 3461, 4) 3.0911343251733348
(14662, 3481, 4) 3.0106785259514792
(14682, 3501, 4) 3.1046254689941932
(14702, 3521, 4) 3.15704059824487
(14722, 3541, 4) 3.0554618578746195
(14742, 3561, 4) 3.063320339528535
(14762, 3581, 4) 3.1144423430354946
(14782, 3601, 4) 2.999608064436712
(14802, 3621, 4) 3.0691501997285973
(14822, 3641, 4) 3.0085993426450863
(14842, 3661, 4) 3.0238093088032683
(14862, 3681, 4) 3.0280953746539896
(14882, 3701, 4) 3.0282891741455606
(14902, 3721, 4) 3.039710263641738
