(1, 1, 1) 31.48786405281392
(51, 51, 1) 31.43379504271175
(101, 101, 1) 35.87456606242907
(151, 151, 1) 35.875327200236256
(201, 201, 1) 31.993081231746242
(251, 251, 1) 36.448478061164025
(301, 301, 1) 36.543629990868816
(351, 351, 1) 32.290389371721815
(401, 401, 1) 32.1862207227427
(451, 451, 1) 32.16394005221139
(501, 501, 1) 32.16604326737579
(551, 551, 1) 32.193764514365235
(601, 601, 1) 32.30594721373782
(651, 651, 1) 32.46489149253311
(701, 701, 1) 32.63054012861101
(751, 751, 1) 35.50474983708619
(801, 801, 1) 34.20821119933941
(851, 851, 1) 35.808799431240374
(901, 901, 1) 35.38637538316155
(951, 951, 1) 36.501655565330644
(1001, 1001, 1) 35.54775581008284
(1051, 1051, 1) 34.921066896534306
(1101, 1101, 1) 34.31456023595176
(1151, 1151, 1) 35.66945581530899
(1201, 1201, 1) 36.410075663487135
(1251, 1251, 1) 35.12187937599664
(1301, 1301, 1) 36.413348184924416
(1351, 1351, 1) 35.176222718097165
(1401, 1401, 1) 35.62887040116951
(1451, 1451, 1) 36.73018923601641
(1501, 1501, 1) 37.30588513787115
(1551, 1551, 1) 37.189786989562315
(1601, 1601, 1) 36.95145127746246
(1651, 1651, 1) 37.491076946308574
(1701, 1701, 1) 37.30792207745873
(1751, 1751, 1) 37.75110606619465
(1801, 1801, 1) 37.89694480930714
(1851, 1851, 1) 37.501667153672365
(1901, 1901, 1) 37.11325595333032
(1951, 1951, 1) 37.814301915849256
(2001, 2001, 1) 37.882473048703275
(2051, 2051, 1) 38.06655553846928
(2101, 2101, 1) 36.80537738272449
(2151, 2151, 1) 37.14481186878617
(2201, 2201, 1) 36.809253555191326
(2251, 2251, 1) 37.92317306726604
(2301, 2301, 1) 38.19095378558321
(2351, 2351, 1) 37.734813884552345
(2401, 2401, 1) 37.832271536962416
(2451, 2451, 1) 37.76437019301826
(2501, 2501, 1) 37.4019831534769
(2551, 2551, 1) 38.0690775026932
(2601, 2601, 1) 38.272114566468076
(2651, 2651, 1) 37.944966951179985
(2701, 2701, 1) 37.518683638781596
(2751, 2751, 1) 37.584039691568016
(2801, 2801, 1) 38.37621192395292
(2851, 2851, 1) 37.982600466867126
(2901, 2901, 1) 38.133576825526
(2951, 2951, 1) 38.43430339777043
(3001, 3001, 1) 38.403040627281364
(3051, 3051, 1) 38.16156553413464
(3101, 3101, 1) 38.5437409998665
(3151, 3151, 1) 38.18740316569312
(3201, 3201, 1) 38.30037955269888
(3251, 3251, 1) 38.303567014396414
(3301, 3301, 1) 38.714840041109305
(3351, 3351, 1) 38.574242096233014
(3401, 3401, 1) 38.12547384735466
(3451, 3451, 1) 38.83546899736263
(3501, 3501, 1) 38.295291258698384
(3551, 3551, 1) 38.841805705598766
(3601, 3601, 1) 38.58369101641362
(3651, 3651, 1) 39.0902068570277
(3701, 3701, 1) 38.562593488376564
(3728, 1, 2) 39.042753734471866
(3778, 51, 2) 39.285086268559446
(3828, 101, 2) 39.139934719468314
(3878, 151, 2) 38.675195829819636
(3928, 201, 2) 39.22228048424903
(3978, 251, 2) 39.37627800604454
(4028, 301, 2) 38.93798732923394
(4078, 351, 2) 39.443840515308814
(4128, 401, 2) 39.661330783196
(4178, 451, 2) 39.65235266494483
(4228, 501, 2) 39.72298116218774
(4278, 551, 2) 39.484066380606016
(4328, 601, 2) 39.75922582180193
(4378, 651, 2) 39.67902880238061
(4428, 701, 2) 39.74880527279834
(4478, 751, 2) 39.941632225910524
(4528, 801, 2) 39.39361839980439
(4578, 851, 2) 39.67236768774513
(4628, 901, 2) 39.57475473351829
(4678, 951, 2) 39.81519189588309
(4728, 1001, 2) 39.66927801058538
(4778, 1051, 2) 39.80518305431508
(4828, 1101, 2) 40.090165525042785
(4878, 1151, 2) 40.04544946307292
(4928, 1201, 2) 39.6249687412133
(4978, 1251, 2) 39.92801165067679
(5028, 1301, 2) 40.11501779180325
(5078, 1351, 2) 40.060726706551634
(5128, 1401, 2) 40.34863848328555
(5178, 1451, 2) 40.15409503164303
(5228, 1501, 2) 40.058681486642946
(5278, 1551, 2) 40.73127502071001
(5328, 1601, 2) 39.900366765569906
(5378, 1651, 2) 40.14252484370632
(5428, 1701, 2) 40.24240180435747
(5478, 1751, 2) 40.116585900024695
(5528, 1801, 2) 40.276661374343725
(5578, 1851, 2) 39.82815911990433
(5628, 1901, 2) 40.41360466966831
(5678, 1951, 2) 40.39929313143479
(5728, 2001, 2) 40.579825626958105
(5778, 2051, 2) 40.664642072907505
(5828, 2101, 2) 40.229917357718755
(5878, 2151, 2) 40.09148803207858
(5928, 2201, 2) 40.77567126463669
(5978, 2251, 2) 39.96863377967639
(6028, 2301, 2) 40.3886039328414
(6078, 2351, 2) 40.659356486719425
(6128, 2401, 2) 40.56042919790718
(6178, 2451, 2) 40.4596277192387
(6228, 2501, 2) 40.13759517697936
(6278, 2551, 2) 40.52592443762543
(6328, 2601, 2) 40.35317944369197
(6378, 2651, 2) 40.08131968306901
(6428, 2701, 2) 39.7779890550619
(6478, 2751, 2) 40.3091369996669
(6528, 2801, 2) 40.57659629618571
(6578, 2851, 2) 40.98654223639573
(6628, 2901, 2) 39.756492759427736
(6678, 2951, 2) 40.18284621745837
(6728, 3001, 2) 40.427263463624776
(6778, 3051, 2) 40.13174487837233
(6828, 3101, 2) 39.434428723752504
(6878, 3151, 2) 39.93479839603934
(6928, 3201, 2) 39.2786661990939
(6978, 3251, 2) 40.74176998371866
(7028, 3301, 2) 39.723230829977275
(7078, 3351, 2) 40.06727610083249
(7128, 3401, 2) 39.661960095309155
(7178, 3451, 2) 39.65238732498448
(7228, 3501, 2) 39.98799834918166
(7278, 3551, 2) 40.14080648263157
(7328, 3601, 2) 40.564936110496255
(7378, 3651, 2) 40.00023246359528
(7428, 3701, 2) 40.41998692532445
(7455, 1, 3) 40.36988426108848
(7505, 51, 3) 40.10291183483003
(7555, 101, 3) 40.46378542196515
(7605, 151, 3) 40.03213955987108
(7655, 201, 3) 40.442824760493366
(7705, 251, 3) 38.87909739743565
(7755, 301, 3) 39.74691639940446
(7805, 351, 3) 40.605399019164544
(7855, 401, 3) 40.06932667693255
(7905, 451, 3) 39.42633109083747
(7955, 501, 3) 40.313596241261536
(8005, 551, 3) 39.59068130769978
(8055, 601, 3) 40.083799139812875
(8105, 651, 3) 39.76789676593312
(8155, 701, 3) 39.10334172927637
(8205, 751, 3) 40.42785309977275
(8255, 801, 3) 40.45884516285751
(8305, 851, 3) 40.176884232968526
(8355, 901, 3) 39.51159340029063
(8405, 951, 3) 39.978856049040274
(8455, 1001, 3) 40.35337162802693
(8505, 1051, 3) 39.32912695988595
(8555, 1101, 3) 38.690386860863306
(8605, 1151, 3) 40.169708137959375
(8655, 1201, 3) 39.26070681942204
(8705, 1251, 3) 39.07080448200241
(8755, 1301, 3) 39.19260478863873
(8805, 1351, 3) 39.49383652677395
(8855, 1401, 3) 40.393739334686366
(8905, 1451, 3) 39.73741274100914
(8955, 1501, 3) 39.50459964694316
(9005, 1551, 3) 38.629800332442606
(9055, 1601, 3) 39.28739677174237
(9105, 1651, 3) 38.86935519518958
(9155, 1701, 3) 38.471913067180104
(9205, 1751, 3) 39.29199811841835
(9255, 1801, 3) 40.14538273592916
(9305, 1851, 3) 39.71178860851805
(9355, 1901, 3) 39.4136962323893
(9405, 1951, 3) 38.999716183892424
(9455, 2001, 3) 39.98945002181812
(9505, 2051, 3) 38.45333599139236
(9555, 2101, 3) 39.88587614237915
(9605, 2151, 3) 39.24594091306766
(9655, 2201, 3) 40.37969199992836
(9705, 2251, 3) 38.98347820969418
(9755, 2301, 3) 40.23437460892376
(9805, 2351, 3) 39.41922963909584
(9855, 2401, 3) 39.52549768765278
(9905, 2451, 3) 38.856717226802346
(9955, 2501, 3) 38.629168843681846
(10005, 2551, 3) 39.19453605873372
(10055, 2601, 3) 38.77733779110172
(10105, 2651, 3) 38.95201431362424
(10155, 2701, 3) 37.90238687255788
(10205, 2751, 3) 38.27585841347942
(10255, 2801, 3) 38.52685437740822
(10305, 2851, 3) 39.11737260877561
(10355, 2901, 3) 38.014047676023345
(10405, 2951, 3) 37.59046212670045
(10455, 3001, 3) 39.57434050794061
(10505, 3051, 3) 38.502801089203274
(10555, 3101, 3) 37.44089752774297
(10605, 3151, 3) 39.217450260467125
(10655, 3201, 3) 38.32848715669001
(10705, 3251, 3) 38.75093173441074
(10755, 3301, 3) 38.111032653018434
(10805, 3351, 3) 38.66295368964836
(10855, 3401, 3) 38.49942091170238
(10905, 3451, 3) 38.972845065959284
(10955, 3501, 3) 38.9173522930802
(11005, 3551, 3) 38.68015543861859
(11055, 3601, 3) 37.89682956161888
(11105, 3651, 3) 39.2625351505752
(11155, 3701, 3) 38.78899382411254
(11182, 1, 4) 39.19520150509613
(11232, 51, 4) 39.154807590038665
(11282, 101, 4) 38.030131028124806
(11332, 151, 4) 37.712957987985405
(11382, 201, 4) 39.860897581202465
(11432, 251, 4) 37.5542940470619
(11482, 301, 4) 38.03501752367253
(11532, 351, 4) 37.67710395739849
(11582, 401, 4) 38.97907115336559
(11632, 451, 4) 39.567660943978105
(11682, 501, 4) 39.15545831714955
(11732, 551, 4) 38.087007052074625
(11782, 601, 4) 39.03458951521972
(11832, 651, 4) 39.02686400162565
(11882, 701, 4) 38.5359248080687
(11932, 751, 4) 39.765843197001395
(11982, 801, 4) 38.98345835693926
(12032, 851, 4) 38.13860042443611
(12082, 901, 4) 37.77697774026772
(12132, 951, 4) 38.281618614456725
(12182, 1001, 4) 38.99699554643662
(12232, 1051, 4) 39.27148985976038
(12282, 1101, 4) 37.57531353511901
(12332, 1151, 4) 39.11414246811631
(12382, 1201, 4) 37.66407347270827
(12432, 1251, 4) 37.42747543499391
(12482, 1301, 4) 37.735861922070086
(12532, 1351, 4) 38.59515656441713
(12582, 1401, 4) 37.88970014794776
(12632, 1451, 4) 38.75059461023299
(12682, 1501, 4) 39.441008711904765
(12732, 1551, 4) 38.21952430749278
(12782, 1601, 4) 37.73592756113383
(12832, 1651, 4) 36.86684804491104
(12882, 1701, 4) 37.29706181353359
(12932, 1751, 4) 38.11063459628815
(12982, 1801, 4) 37.899043696858854
(13032, 1851, 4) 38.67567005519411
(13082, 1901, 4) 38.372550284132814
(13132, 1951, 4) 37.685130168874345
(13182, 2001, 4) 38.69448651828814
(13232, 2051, 4) 37.92034625035027
(13282, 2101, 4) 38.97260160247201
(13332, 2151, 4) 37.53890307540737
(13382, 2201, 4) 39.403559784521754
(13432, 2251, 4) 38.256089594866864
(13482, 2301, 4) 39.09986937769981
(13532, 2351, 4) 38.619655096417134
(13582, 2401, 4) 38.114373034973845
(13632, 2451, 4) 37.268110794353525
(13682, 2501, 4) 37.26649565147197
(13732, 2551, 4) 38.16342324977841
(13782, 2601, 4) 38.21362121046028
(13832, 2651, 4) 36.993613093596075
(13882, 2701, 4) 36.67094328442948
(13932, 2751, 4) 37.084554938083535
(13982, 2801, 4) 38.21752022510187
(14032, 2851, 4) 37.51199416155578
(14082, 2901, 4) 36.51134112803506
(14132, 2951, 4) 36.96190042281786
(14182, 3001, 4) 39.641924976315536
(14232, 3051, 4) 38.44818408944818
(14282, 3101, 4) 36.308657470865136
(14332, 3151, 4) 37.55759926646539
(14382, 3201, 4) 37.533691443677924
(14432, 3251, 4) 36.978915384863214
(14482, 3301, 4) 37.42322411912827
(14532, 3351, 4) 37.71895535840966
(14582, 3401, 4) 37.136660245597895
(14632, 3451, 4) 37.190753639709705
(14682, 3501, 4) 37.058798615253124
(14732, 3551, 4) 36.91595924566744
(14782, 3601, 4) 37.14836442775081
(14832, 3651, 4) 37.034601767626555
(14882, 3701, 4) 37.365663112504606
