(1, 1, 1) 19.666507571054563
(51, 51, 1) 19.556611604422443
(101, 101, 1) 31.409812928251135
(151, 151, 1) 31.412231311143223
(201, 201, 1) 20.665815200136496
(251, 251, 1) 32.85790306142899
(301, 301, 1) 33.01731799544382
(351, 351, 1) 21.49159065768373
(401, 401, 1) 21.324002790772255
(451, 451, 1) 21.307483349731342
(501, 501, 1) 21.315223578067926
(551, 551, 1) 21.35796418905746
(601, 601, 1) 21.697836423875202
(651, 651, 1) 22.04704550550361
(701, 701, 1) 22.454646709387728
(751, 751, 1) 29.8098141412948
(801, 801, 1) 26.17070808307085
(851, 851, 1) 30.46929000185526
(901, 901, 1) 29.491832612749665
(951, 951, 1) 32.69216425822116
(1001, 1001, 1) 29.855136160697953
(1051, 1051, 1) 28.083942645223797
(1101, 1101, 1) 26.380413325899077
(1151, 1151, 1) 30.17162937745247
(1201, 1201, 1) 32.13139971227096
(1251, 1251, 1) 28.634119015668485
(1301, 1301, 1) 31.976947836786913
(1351, 1351, 1) 28.643159519253235
(1401, 1401, 1) 29.512736574799476
(1451, 1451, 1) 32.62839526864803
(1501, 1501, 1) 34.24512897599933
(1551, 1551, 1) 33.75989627286607
(1601, 1601, 1) 33.493250548926554
(1651, 1651, 1) 34.34459649510021
(1701, 1701, 1) 33.83653778054814
(1751, 1751, 1) 34.72619388268195
(1801, 1801, 1) 35.225523123867745
(1851, 1851, 1) 34.40800251643733
(1901, 1901, 1) 33.58794497157112
(1951, 1951, 1) 35.0506662569606
(2001, 2001, 1) 35.42537595308766
(2051, 2051, 1) 35.75268276802204
(2101, 2101, 1) 32.50457118744861
(2151, 2151, 1) 33.68782360073102
(2201, 2201, 1) 32.75910839308535
(2251, 2251, 1) 35.30828111148319
(2301, 2301, 1) 36.10926682254332
(2351, 2351, 1) 35.38906274224653
(2401, 2401, 1) 35.48749110582558
(2451, 2451, 1) 35.36584474770116
(2501, 2501, 1) 34.290512684948595
(2551, 2551, 1) 35.977898106894436
(2601, 2601, 1) 36.608359326908186
(2651, 2651, 1) 36.071975986905976
(2701, 2701, 1) 34.94490188375617
(2751, 2751, 1) 35.49826897194957
(2801, 2801, 1) 37.20906606120937
(2851, 2851, 1) 36.19487579131733
(2901, 2901, 1) 36.64640976185425
(2951, 2951, 1) 37.28123475054412
(3001, 3001, 1) 37.127105030697706
(3051, 3051, 1) 36.767321157458284
(3101, 3101, 1) 37.70385287964507
(3151, 3151, 1) 36.88214419287451
(3201, 3201, 1) 37.46691947989686
(3251, 3251, 1) 37.23238421665505
(3301, 3301, 1) 38.17643697129209
(3351, 3351, 1) 37.886009728287895
(3401, 3401, 1) 37.26218518567024
(3451, 3451, 1) 38.74459285425777
(3501, 3501, 1) 37.52746388184901
(3551, 3551, 1) 38.87384314379529
(3601, 3601, 1) 38.40755799009843
(3651, 3651, 1) 39.56513940731431
(3701, 3701, 1) 39.444520357723746
(3728, 1, 2) 39.48971356731323
(3778, 51, 2) 40.35017363316026
(3828, 101, 2) 40.0105038860245
(3878, 151, 2) 39.54631806991114
(3928, 201, 2) 40.74095757724524
(3978, 251, 2) 41.35075553354757
(4028, 301, 2) 40.52398782496418
(4078, 351, 2) 41.389696134297644
(4128, 401, 2) 42.04410403119903
(4178, 451, 2) 42.11228529926636
(4228, 501, 2) 42.15904427615749
(4278, 551, 2) 41.59725294923025
(4328, 601, 2) 43.191880307833806
(4378, 651, 2) 42.884384268065354
(4428, 701, 2) 43.11436566152296
(4478, 751, 2) 42.88502756522407
(4528, 801, 2) 42.9387606250145
(4578, 851, 2) 42.79056527056213
(4628, 901, 2) 43.081113341540465
(4678, 951, 2) 43.82907356974435
(4728, 1001, 2) 43.41737156661631
(4778, 1051, 2) 43.76974279417314
(4828, 1101, 2) 44.69678137557336
(4878, 1151, 2) 45.77367630247763
(4928, 1201, 2) 43.9420830660403
(4978, 1251, 2) 45.08970152242132
(5028, 1301, 2) 45.05351798373058
(5078, 1351, 2) 45.257341882594524
(5128, 1401, 2) 46.3411105055861
(5178, 1451, 2) 44.95998162509914
(5228, 1501, 2) 45.420805476755
(5278, 1551, 2) 48.4964516479108
(5328, 1601, 2) 46.642051071940905
(5378, 1651, 2) 48.360249495850645
(5428, 1701, 2) 47.2926903911179
(5478, 1751, 2) 48.404043688814625
(5528, 1801, 2) 46.80581068461247
(5578, 1851, 2) 45.39026377409039
(5628, 1901, 2) 47.62263757157093
(5678, 1951, 2) 49.31109830756883
(5728, 2001, 2) 48.66676505369226
(5778, 2051, 2) 48.92306259855913
(5828, 2101, 2) 47.14780924901254
(5878, 2151, 2) 49.28187291387287
(5928, 2201, 2) 50.63640733334983
(5978, 2251, 2) 48.79303577760522
(6028, 2301, 2) 47.88013341625568
(6078, 2351, 2) 50.79965465581638
(6128, 2401, 2) 49.69225272806588
(6178, 2451, 2) 49.69327704921336
(6228, 2501, 2) 49.3034909066528
(6278, 2551, 2) 50.816752229518144
(6328, 2601, 2) 51.16641518577815
(6378, 2651, 2) 49.67403461106217
(6428, 2701, 2) 51.802484330863585
(6478, 2751, 2) 52.37289545707857
(6528, 2801, 2) 51.679477005290956
(6578, 2851, 2) 51.15645812908207
(6628, 2901, 2) 52.003935345644805
(6678, 2951, 2) 51.63065393277204
(6728, 3001, 2) 50.85848013624058
(6778, 3051, 2) 52.22838867327921
(6828, 3101, 2) 51.90486560624659
(6878, 3151, 2) 51.89719851185617
(6928, 3201, 2) 51.770679743660466
(6978, 3251, 2) 52.48424395508724
(7028, 3301, 2) 50.9421605565182
(7078, 3351, 2) 52.70427811963805
(7128, 3401, 2) 51.6949878317577
(7178, 3451, 2) 53.65052597741018
(7228, 3501, 2) 53.18491262650586
(7278, 3551, 2) 53.93114892438574
(7328, 3601, 2) 53.38063087263819
(7378, 3651, 2) 50.85046519611704
(7428, 3701, 2) 52.21268706147395
(7455, 1, 3) 52.00793691952374
(7505, 51, 3) 53.08727062871298
(7555, 101, 3) 53.18773467444902
(7605, 151, 3) 52.82105887575275
(7655, 201, 3) 54.13147511692963
(7705, 251, 3) 53.706337311776544
(7755, 301, 3) 54.01610424278538
(7805, 351, 3) 52.5071509157956
(7855, 401, 3) 53.41620545957506
(7905, 451, 3) 53.30198422067388
(7955, 501, 3) 52.725813043275096
(8005, 551, 3) 53.949594599311666
(8055, 601, 3) 53.55602200397418
(8105, 651, 3) 53.66734648952828
(8155, 701, 3) 55.04839917253833
(8205, 751, 3) 54.030315665913534
(8255, 801, 3) 52.90208680727622
(8305, 851, 3) 53.17746904939179
(8355, 901, 3) 53.71378075443569
(8405, 951, 3) 53.193378877755094
(8455, 1001, 3) 54.28062046738792
(8505, 1051, 3) 53.808510023666834
(8555, 1101, 3) 55.238921641975836
(8605, 1151, 3) 54.128521630120915
(8655, 1201, 3) 54.15380002090675
(8705, 1251, 3) 53.98080749741734
(8755, 1301, 3) 55.184423394556234
(8805, 1351, 3) 55.06060573355616
(8855, 1401, 3) 53.9319391448169
(8905, 1451, 3) 53.65080080862384
(8955, 1501, 3) 54.043905618830046
(9005, 1551, 3) 54.9805223693157
(9055, 1601, 3) 54.16434676482951
(9105, 1651, 3) 55.788234454735864
(9155, 1701, 3) 55.16065920650285
(9205, 1751, 3) 54.747453201568696
(9255, 1801, 3) 55.050126031143655
(9305, 1851, 3) 54.57536015112334
(9355, 1901, 3) 55.71039251125147
(9405, 1951, 3) 55.74238864463258
(9455, 2001, 3) 55.995448140019924
(9505, 2051, 3) 56.26163271981126
(9555, 2101, 3) 55.073016140164185
(9605, 2151, 3) 54.710638257349146
(9655, 2201, 3) 55.97156184849303
(9705, 2251, 3) 55.41366004356985
(9755, 2301, 3) 54.86792658029095
(9805, 2351, 3) 55.81213654554751
(9855, 2401, 3) 56.061734252815334
(9905, 2451, 3) 55.82561185621717
(9955, 2501, 3) 55.486581839091784
(10005, 2551, 3) 56.0142256388481
(10055, 2601, 3) 56.399854379142425
(10105, 2651, 3) 56.27715442835712
(10155, 2701, 3) 57.141708394378895
(10205, 2751, 3) 55.702843453305896
(10255, 2801, 3) 55.858109473315054
(10305, 2851, 3) 54.815339038797795
(10355, 2901, 3) 55.97706169211754
(10405, 2951, 3) 55.335900217857294
(10455, 3001, 3) 54.55539665366879
(10505, 3051, 3) 55.61485884285664
(10555, 3101, 3) 56.34270769097509
(10605, 3151, 3) 55.790485067228836
(10655, 3201, 3) 55.88906051699786
(10705, 3251, 3) 56.3831695959295
(10755, 3301, 3) 55.52728750007431
(10805, 3351, 3) 55.91709338902857
(10855, 3401, 3) 56.81726173978826
(10905, 3451, 3) 57.08499873612778
(10955, 3501, 3) 56.30288003912916
(11005, 3551, 3) 56.732479464644314
(11055, 3601, 3) 56.41850985485149
(11105, 3651, 3) 55.65533721239535
(11155, 3701, 3) 56.09523910405575
(11182, 1, 4) 56.626854044370454
(11232, 51, 4) 56.12955600098923
(11282, 101, 4) 56.38831745851572
(11332, 151, 4) 57.249570613233494
(11382, 201, 4) 55.34044512219853
(11432, 251, 4) 56.31502533063538
(11482, 301, 4) 57.01506297566007
(11532, 351, 4) 56.63682815847455
(11582, 401, 4) 56.96746948210971
(11632, 451, 4) 56.9894044350881
(11682, 501, 4) 57.55214513294372
(11732, 551, 4) 57.39571988350383
(11782, 601, 4) 56.222116192135694
(11832, 651, 4) 56.26608821275704
(11882, 701, 4) 57.49887632755688
(11932, 751, 4) 56.42167938927093
(11982, 801, 4) 56.29294186970838
(12032, 851, 4) 56.248669753973765
(12082, 901, 4) 56.635414519630615
(12132, 951, 4) 56.485251386867255
(12182, 1001, 4) 56.86053285003511
(12232, 1051, 4) 56.26062469078573
(12282, 1101, 4) 57.337507565132505
(12332, 1151, 4) 57.21288480888983
(12382, 1201, 4) 56.17392334764093
(12432, 1251, 4) 56.65396487432799
(12482, 1301, 4) 57.54710152649136
(12532, 1351, 4) 56.17143034345188
(12582, 1401, 4) 55.61474136022532
(12632, 1451, 4) 56.46545894983692
(12682, 1501, 4) 56.68082834621936
(12732, 1551, 4) 57.76150248018077
(12782, 1601, 4) 56.922411095524375
(12832, 1651, 4) 57.6797220924452
(12882, 1701, 4) 57.381438249157924
(12932, 1751, 4) 57.338981290288935
(12982, 1801, 4) 57.16394853555602
(13032, 1851, 4) 57.300395505461324
(13082, 1901, 4) 57.55571598142176
(13132, 1951, 4) 57.92586182538682
(13182, 2001, 4) 57.969539886618094
(13232, 2051, 4) 57.766827236989116
(13282, 2101, 4) 58.23519750279279
(13332, 2151, 4) 57.68737118268903
(13382, 2201, 4) 58.37113976162305
(13432, 2251, 4) 58.12699602173215
(13482, 2301, 4) 57.30230427272497
(13532, 2351, 4) 57.66859863075305
(13582, 2401, 4) 57.8368332879177
(13632, 2451, 4) 57.70110418247915
(13682, 2501, 4) 56.56235262869737
(13732, 2551, 4) 56.690162668855116
(13782, 2601, 4) 57.09810448250371
(13832, 2651, 4) 58.3602053643315
(13882, 2701, 4) 57.31249049421411
(13932, 2751, 4) 57.22136846357541
(13982, 2801, 4) 57.21733888313515
(14032, 2851, 4) 57.474174379945055
(14082, 2901, 4) 57.91765123985779
(14132, 2951, 4) 56.787030688591976
(14182, 3001, 4) 56.98409091235882
(14232, 3051, 4) 57.62878737931012
(14282, 3101, 4) 57.470721349349276
(14332, 3151, 4) 58.02628860473868
(14382, 3201, 4) 58.18804513269662
(14432, 3251, 4) 57.19971904694703
(14482, 3301, 4) 57.64384714009515
(14532, 3351, 4) 56.594068431780144
(14582, 3401, 4) 56.590200766591046
(14632, 3451, 4) 57.3390771724822
(14682, 3501, 4) 56.140755550360524
(14732, 3551, 4) 57.656333064360375
(14782, 3601, 4) 58.11470005849853
(14832, 3651, 4) 57.61737872189047
(14882, 3701, 4) 57.75211259317031
