(1, 1, 1) 19.807054202515953
(51, 51, 1) 19.68517012330887
(101, 101, 1) 31.69496027184383
(151, 151, 1) 31.697562498492964
(201, 201, 1) 20.934375126495176
(251, 251, 1) 33.472852761790485
(301, 301, 1) 33.68844566424586
(351, 351, 1) 22.67759287758943
(401, 401, 1) 22.300931540561663
(451, 451, 1) 21.78317394099904
(501, 501, 1) 21.79334841565668
(551, 551, 1) 21.84941964548062
(601, 601, 1) 23.089653966603642
(651, 651, 1) 23.556821186273833
(701, 701, 1) 23.95809674215253
(751, 751, 1) 31.125307528146763
(801, 801, 1) 27.756993326130953
(851, 851, 1) 31.78257787930281
(901, 901, 1) 30.947609727358106
(951, 951, 1) 33.995364733100125
(1001, 1001, 1) 31.32041459138929
(1051, 1051, 1) 29.691339184629967
(1101, 1101, 1) 28.130262705238508
(1151, 1151, 1) 31.640885543455372
(1201, 1201, 1) 33.51630336565547
(1251, 1251, 1) 30.214114412234565
(1301, 1301, 1) 33.46360079378609
(1351, 1351, 1) 30.263281949500275
(1401, 1401, 1) 31.261997850912447
(1451, 1451, 1) 34.264389278137855
(1501, 1501, 1) 35.69442048751243
(1551, 1551, 1) 35.298304260189994
(1601, 1601, 1) 35.1812500730802
(1651, 1651, 1) 35.83499911880122
(1701, 1701, 1) 35.390950956513905
(1751, 1751, 1) 36.39315130802997
(1801, 1801, 1) 36.75740405868963
(1851, 1851, 1) 36.43815257522795
(1901, 1901, 1) 35.43309479416855
(1951, 1951, 1) 36.756410560400944
(2001, 2001, 1) 36.91895926461791
(2051, 2051, 1) 37.285564764560704
(2101, 2101, 1) 34.288532038983035
(2151, 2151, 1) 35.378887449142034
(2201, 2201, 1) 34.54925100440204
(2251, 2251, 1) 36.781104358096414
(2301, 2301, 1) 37.74190343728275
(2351, 2351, 1) 37.11496712963975
(2401, 2401, 1) 37.26710940796277
(2451, 2451, 1) 37.28162213736718
(2501, 2501, 1) 36.0442808489819
(2551, 2551, 1) 37.73071309917351
(2601, 2601, 1) 38.389706839075224
(2651, 2651, 1) 38.11825222597996
(2701, 2701, 1) 36.867273602008396
(2751, 2751, 1) 37.562168834152594
(2801, 2801, 1) 38.91902463095317
(2851, 2851, 1) 37.90272574319783
(2901, 2901, 1) 38.447270581729796
(2951, 2951, 1) 38.847977423586336
(3001, 3001, 1) 38.779559568946325
(3051, 3051, 1) 38.46312795677553
(3101, 3101, 1) 39.29689549409172
(3151, 3151, 1) 38.48803016677642
(3201, 3201, 1) 39.3337498751161
(3251, 3251, 1) 38.88794182440168
(3301, 3301, 1) 39.738393724647516
(3351, 3351, 1) 39.48467151793096
(3401, 3401, 1) 39.027675317261775
(3451, 3451, 1) 40.29969861254834
(3501, 3501, 1) 39.18710032586254
(3551, 3551, 1) 40.30824783269479
(3601, 3601, 1) 39.94429944184703
(3651, 3651, 1) 40.843705929151156
(3701, 3701, 1) 40.88112050445581
(3728, 1, 2) 40.87389518359213
(3778, 51, 2) 41.71678172521671
(3828, 101, 2) 41.301180542152274
(3878, 151, 2) 40.95386968769356
(3928, 201, 2) 42.04408297971296
(3978, 251, 2) 42.58821506450416
(4028, 301, 2) 41.840808263770015
(4078, 351, 2) 42.66763560393107
(4128, 401, 2) 43.12841357699024
(4178, 451, 2) 43.17317514043545
(4228, 501, 2) 43.30504159550673
(4278, 551, 2) 42.68571098025663
(4328, 601, 2) 44.182779701827194
(4378, 651, 2) 43.88735319625709
(4428, 701, 2) 43.95797209481187
(4478, 751, 2) 43.736715161614235
(4528, 801, 2) 43.84986302401918
(4578, 851, 2) 43.65248933168699
(4628, 901, 2) 43.84468198442387
(4678, 951, 2) 44.63271981928638
(4728, 1001, 2) 44.20713563070123
(4778, 1051, 2) 44.501735134991094
(4828, 1101, 2) 45.38889136816109
(4878, 1151, 2) 46.38701628128974
(4928, 1201, 2) 44.607435357370434
(4978, 1251, 2) 45.65455925853881
(5028, 1301, 2) 45.6016965484264
(5078, 1351, 2) 45.77379014278955
(5128, 1401, 2) 46.84883876671062
(5178, 1451, 2) 45.50137635338443
(5228, 1501, 2) 45.940294106284476
(5278, 1551, 2) 48.87923729423698
(5328, 1601, 2) 47.064015413554806
(5378, 1651, 2) 48.67945189676926
(5428, 1701, 2) 47.619394322553255
(5478, 1751, 2) 48.72441675834047
(5528, 1801, 2) 47.138225244865325
(5578, 1851, 2) 45.80174344793966
(5628, 1901, 2) 47.91606479939825
(5678, 1951, 2) 49.52196912417512
(5728, 2001, 2) 48.87954733063096
(5778, 2051, 2) 49.13509599872298
(5828, 2101, 2) 47.36418852110935
(5878, 2151, 2) 49.442649355722104
(5928, 2201, 2) 50.77008489843784
(5978, 2251, 2) 48.909194501463396
(6028, 2301, 2) 48.078008176001774
(6078, 2351, 2) 50.90742321514685
(6128, 2401, 2) 49.81821057641746
(6178, 2451, 2) 49.8087918644173
(6228, 2501, 2) 49.40910479368629
(6278, 2551, 2) 50.902975068374445
(6328, 2601, 2) 51.248053196860496
(6378, 2651, 2) 49.75429864754316
(6428, 2701, 2) 51.843991914055145
(6478, 2751, 2) 52.410651355011915
(6528, 2801, 2) 51.7299101995014
(6578, 2851, 2) 51.21444524354738
(6628, 2901, 2) 52.0229199667681
(6678, 2951, 2) 51.661217869920485
(6728, 3001, 2) 50.903554866677524
(6778, 3051, 2) 52.253496459005824
(6828, 3101, 2) 51.917499873335416
(6878, 3151, 2) 51.91396074525403
(6928, 3201, 2) 51.78067060419451
(6978, 3251, 2) 52.501055115917985
(7028, 3301, 2) 50.96005586100477
(7078, 3351, 2) 52.70928514726796
(7128, 3401, 2) 51.70114987836105
(7178, 3451, 2) 53.65405658247816
(7228, 3501, 2) 53.18813392687131
(7278, 3551, 2) 53.933298989411746
(7328, 3601, 2) 53.38711242899934
(7378, 3651, 2) 50.865485380274954
(7428, 3701, 2) 52.221916104579655
(7455, 1, 3) 52.01732685826747
(7505, 51, 3) 53.090504507462946
(7555, 101, 3) 53.19066446536777
(7605, 151, 3) 52.824329110036786
(7655, 201, 3) 54.13389900032824
(7705, 251, 3) 53.71359114662836
(7755, 301, 3) 54.020446189451945
(7805, 351, 3) 52.512369703824135
(7855, 401, 3) 53.41915524642532
(7905, 451, 3) 53.3080567562027
(7955, 501, 3) 52.72812132408882
(8005, 551, 3) 53.956533508503604
(8055, 601, 3) 53.56023455049955
(8105, 651, 3) 53.67436253635704
(8155, 701, 3) 55.06349776703091
(8205, 751, 3) 54.03580519745405
(8255, 801, 3) 52.9042882592631
(8305, 851, 3) 53.1823694568982
(8355, 901, 3) 53.71929936101093
(8405, 951, 3) 53.20005467713974
(8455, 1001, 3) 54.290887180732284
(8505, 1051, 3) 53.82524630999163
(8555, 1101, 3) 55.274910857764645
(8605, 1151, 3) 54.14154740664795
(8655, 1201, 3) 54.17450658591678
(8705, 1251, 3) 54.006245050673996
(8755, 1301, 3) 55.21815178768657
(8805, 1351, 3) 55.08533045081406
(8855, 1401, 3) 53.94522883827022
(8905, 1451, 3) 53.668940332741
(8955, 1501, 3) 54.06951796210362
(9005, 1551, 3) 55.025540079883825
(9055, 1601, 3) 54.19532380950296
(9105, 1651, 3) 55.83716139376255
(9155, 1701, 3) 55.21445289320449
(9205, 1751, 3) 54.776833533230985
(9255, 1801, 3) 55.07580455766327
(9305, 1851, 3) 54.60156808969637
(9355, 1901, 3) 55.75643901031534
(9405, 1951, 3) 55.79239239436592
(9455, 2001, 3) 56.04096792556673
(9505, 2051, 3) 56.331623067833426
(9555, 2101, 3) 55.10463012588676
(9605, 2151, 3) 54.74685918752748
(9655, 2201, 3) 56.01700853448759
(9705, 2251, 3) 55.470581231151705
(9755, 2301, 3) 54.894706983751654
(9805, 2351, 3) 55.86829454060791
(9855, 2401, 3) 56.11990464244092
(9905, 2451, 3) 55.89104466343636
(9955, 2501, 3) 55.55731740754361
(10005, 2551, 3) 56.078978704983705
(10055, 2601, 3) 56.475665081821106
(10105, 2651, 3) 56.35630382750689
(10155, 2701, 3) 57.23943375881378
(10205, 2751, 3) 55.78610443611812
(10255, 2801, 3) 55.9338205659622
(10305, 2851, 3) 54.87137167339623
(10355, 2901, 3) 56.07802451789706
(10405, 2951, 3) 55.42751873297108
(10455, 3001, 3) 54.60413350753983
(10505, 3051, 3) 55.68985490727874
(10555, 3101, 3) 56.45768966054297
(10605, 3151, 3) 55.86344644990382
(10655, 3201, 3) 55.97568259451672
(10705, 3251, 3) 56.47328017757032
(10755, 3301, 3) 55.62274403759413
(10805, 3351, 3) 56.00613669396416
(10855, 3401, 3) 56.9203192329108
(10905, 3451, 3) 57.18497935725506
(10955, 3501, 3) 56.393355229060816
(11005, 3551, 3) 56.83653277395258
(11055, 3601, 3) 56.523494173861764
(11105, 3651, 3) 55.72840577743739
(11155, 3701, 3) 56.183095867702995
(11182, 1, 4) 56.72470888696539
(11232, 51, 4) 56.21242820674267
(11282, 101, 4) 56.496638874213524
(11332, 151, 4) 57.37408192386136
(11382, 201, 4) 55.401403297289995
(11432, 251, 4) 56.42185022750018
(11482, 301, 4) 57.128147919673445
(11532, 351, 4) 56.7515191934027
(11582, 401, 4) 57.071938774655266
(11632, 451, 4) 57.09307029500834
(11682, 501, 4) 57.66720458601018
(11732, 551, 4) 57.526446674712794
(11782, 601, 4) 56.32163438487476
(11832, 651, 4) 56.360815363639205
(11882, 701, 4) 57.626765903630684
(11932, 751, 4) 56.51087616564385
(11982, 801, 4) 56.40659105013006
(12032, 851, 4) 56.36967123539406
(12082, 901, 4) 56.757093917681665
(12132, 951, 4) 56.61366479760965
(12182, 1001, 4) 56.97769800169188
(12232, 1051, 4) 56.363900988575026
(12282, 1101, 4) 57.49288189504773
(12332, 1151, 4) 57.33306772762599
(12382, 1201, 4) 56.307364348252854
(12432, 1251, 4) 56.805013999413646
(12482, 1301, 4) 57.71381948590443
(12532, 1351, 4) 56.29137899696636
(12582, 1401, 4) 55.74111248148568
(12632, 1451, 4) 56.58271717049893
(12682, 1501, 4) 56.784401590507315
(12732, 1551, 4) 57.92313181766331
(12782, 1601, 4) 57.077540592541745
(12832, 1651, 4) 57.86073446981904
(12882, 1701, 4) 57.55039864357835
(12932, 1751, 4) 57.491962322605595
(12982, 1801, 4) 57.31755987285243
(13032, 1851, 4) 57.432034634460294
(13082, 1901, 4) 57.710948877920096
(13132, 1951, 4) 58.094487875570024
(13182, 2001, 4) 58.12823146474676
(13232, 2051, 4) 57.93794836665517
(13282, 2101, 4) 58.384581754072094
(13332, 2151, 4) 57.847832010222454
(13382, 2201, 4) 58.51756070421102
(13432, 2251, 4) 58.28350629752042
(13482, 2301, 4) 57.437347195911514
(13532, 2351, 4) 57.82333656887173
(13582, 2401, 4) 58.01174166373645
(13632, 2451, 4) 57.86901627059956
(13682, 2501, 4) 56.719391707718714
(13732, 2551, 4) 56.839521820187485
(13782, 2601, 4) 57.25780745020832
(13832, 2651, 4) 58.55426081333385
(13882, 2701, 4) 57.4979171131792
(13932, 2751, 4) 57.40160924686103
(13982, 2801, 4) 57.37347543169229
(14032, 2851, 4) 57.64989020189949
(14082, 2901, 4) 58.11458586027896
(14132, 2951, 4) 56.96501183376762
(14182, 3001, 4) 57.11015336515819
(14232, 3051, 4) 57.7916054591353
(14282, 3101, 4) 57.68229482344688
(14332, 3151, 4) 58.221651234909025
(14382, 3201, 4) 58.38311516755429
(14432, 3251, 4) 57.394136938767474
(14482, 3301, 4) 57.832130251667046
(14532, 3351, 4) 56.76359370005931
(14582, 3401, 4) 56.76961197839858
(14632, 3451, 4) 57.532065630677224
(14682, 3501, 4) 56.30845338752168
(14732, 3551, 4) 57.85239008460687
(14782, 3601, 4) 58.31017692233108
(14832, 3651, 4) 57.812907789559475
(14882, 3701, 4) 57.93139823780806
