(1, 1, 1) 31.636989206006216
(51, 51, 1) 31.580876709126056
(101, 101, 1) 36.083870529499954
(151, 151, 1) 36.08488715100541
(201, 201, 1) 32.16996494071012
(251, 251, 1) 36.729342151106785
(301, 301, 1) 36.84275751216209
(351, 351, 1) 32.76134960248032
(401, 401, 1) 32.58353400829353
(451, 451, 1) 32.392476879222464
(501, 501, 1) 32.39522525811526
(551, 551, 1) 32.42737710092801
(601, 601, 1) 32.83545148950223
(651, 651, 1) 33.02897199988189
(701, 701, 1) 33.191513856362214
(751, 751, 1) 35.99657005843469
(801, 801, 1) 34.7928737664291
(851, 851, 1) 36.294461858426764
(901, 901, 1) 35.916268670373086
(951, 951, 1) 36.97779823051601
(1001, 1001, 1) 36.078139671605186
(1051, 1051, 1) 35.50060101941997
(1101, 1101, 1) 34.93742823813015
(1151, 1151, 1) 36.19911976605087
(1201, 1201, 1) 36.91060997862299
(1251, 1251, 1) 35.68833549022802
(1301, 1301, 1) 36.94433967380479
(1351, 1351, 1) 35.75221058370353
(1401, 1401, 1) 36.24599114200209
(1451, 1451, 1) 37.306834884010996
(1501, 1501, 1) 37.82021190522662
(1551, 1551, 1) 37.732519732632426
(1601, 1601, 1) 37.540947871993694
(1651, 1651, 1) 38.019590402925246
(1701, 1701, 1) 37.85690920371568
(1751, 1751, 1) 38.33547252522748
(1801, 1801, 1) 38.437546153889635
(1851, 1851, 1) 38.19794244448391
(1901, 1901, 1) 37.752568535836495
(1951, 1951, 1) 38.408583087103096
(2001, 2001, 1) 38.407617677665705
(2051, 2051, 1) 38.60284412112994
(2101, 2101, 1) 37.428040340652835
(2151, 2151, 1) 37.73531367247259
(2201, 2201, 1) 37.43321933714831
(2251, 2251, 1) 38.44324938367791
(2301, 2301, 1) 38.75928856070484
(2351, 2351, 1) 38.33192335476047
(2401, 2401, 1) 38.44626865479368
(2451, 2451, 1) 38.42096307250457
(2501, 2501, 1) 38.01124448683669
(2551, 2551, 1) 38.672746469095436
(2601, 2601, 1) 38.88579199152746
(2651, 2651, 1) 38.64215206213915
(2701, 2701, 1) 38.178746840227724
(2751, 2751, 1) 38.28665450305582
(2801, 2801, 1) 38.960042724239926
(2851, 2851, 1) 38.57181318050987
(2901, 2901, 1) 38.749568939444316
(2951, 2951, 1) 38.97371884922999
(3001, 3001, 1) 38.97064782480761
(3051, 3051, 1) 38.74408031259068
(3101, 3101, 1) 39.08958255021937
(3151, 3151, 1) 38.73878832144806
(3201, 3201, 1) 38.9320332835012
(3251, 3251, 1) 38.87049234958696
(3301, 3301, 1) 39.24910716249462
(3351, 3351, 1) 39.120275427528526
(3401, 3401, 1) 38.724614065787705
(3451, 3451, 1) 39.36532055146814
(3501, 3501, 1) 38.859872407916306
(3551, 3551, 1) 39.33153379719463
(3601, 3601, 1) 39.10592837610667
(3651, 3651, 1) 39.5278500224382
(3701, 3701, 1) 39.046089211071425
(3728, 1, 2) 39.51367638358054
(3778, 51, 2) 39.748815535181414
(3828, 101, 2) 39.57940186233984
(3878, 151, 2) 39.150685121545436
(3928, 201, 2) 39.662846823216135
(3978, 251, 2) 39.7951486551326
(4028, 301, 2) 39.38229527026983
(4078, 351, 2) 39.875676134394304
(4128, 401, 2) 40.029144215784804
(4178, 451, 2) 40.01300323558913
(4228, 501, 2) 40.11161656661789
(4278, 551, 2) 39.85311746890837
(4328, 601, 2) 40.093988962174414
(4378, 651, 2) 40.01710328333533
(4428, 701, 2) 40.033404627989334
(4478, 751, 2) 40.23220297043846
(4528, 801, 2) 39.700499221706956
(4578, 851, 2) 39.96373867491992
(4628, 901, 2) 39.833974436044535
(4678, 951, 2) 40.08620686805251
(4728, 1001, 2) 39.93630187963194
(4778, 1051, 2) 40.05278802675941
(4828, 1101, 2) 40.32356702097943
(4878, 1151, 2) 40.25188666082613
(4928, 1201, 2) 39.85031640222373
(4978, 1251, 2) 40.11807193537032
(5028, 1301, 2) 40.300616244886974
(5078, 1351, 2) 40.235234924928015
(5128, 1401, 2) 40.51916806453673
(5178, 1451, 2) 40.33873647244504
(5228, 1501, 2) 40.234167366839735
(5278, 1551, 2) 40.861472775099024
(5328, 1601, 2) 40.043671097261786
(5378, 1651, 2) 40.252894934053295
(5428, 1701, 2) 40.35364058446144
(5478, 1751, 2) 40.2279093639992
(5528, 1801, 2) 40.38970817909439
(5578, 1851, 2) 39.96853333721996
(5628, 1901, 2) 40.51271639585087
(5678, 1951, 2) 40.47286821056238
(5728, 2001, 2) 40.65158656670724
(5778, 2051, 2) 40.73591885164867
(5828, 2101, 2) 40.305146696422504
(5878, 2151, 2) 40.14871956561225
(5928, 2201, 2) 40.82433150442156
(5978, 2251, 2) 40.00913739227125
(6028, 2301, 2) 40.457281342945485
(6078, 2351, 2) 40.698441428731506
(6128, 2401, 2) 40.60385829965938
(6178, 2451, 2) 40.5009421116195
(6228, 2501, 2) 40.17516199718796
(6278, 2551, 2) 40.55788306337157
(6328, 2601, 2) 40.38555567756551
(6378, 2651, 2) 40.10955942062679
(6428, 2701, 2) 39.80201670316473
(6478, 2751, 2) 40.329097738142856
(6528, 2801, 2) 40.59656376831009
(6578, 2851, 2) 41.00803376615484
(6628, 2901, 2) 39.76954212770371
(6678, 2951, 2) 40.196673887756745
(6728, 3001, 2) 40.444533773007784
(6778, 3051, 2) 40.145730312063954
(6828, 3101, 2) 39.4458133477755
(6878, 3151, 2) 39.94498449350477
(6928, 3201, 2) 39.2886464400047
(6978, 3251, 2) 40.749841417548545
(7028, 3301, 2) 39.73305292779563
(7078, 3351, 2) 40.07231382140779
(7128, 3401, 2) 39.667457384853485
(7178, 3451, 2) 39.66667702720779
(7228, 3501, 2) 39.99540006678375
(7278, 3551, 2) 40.14872046800948
(7328, 3601, 2) 40.57126303341939
(7378, 3651, 2) 40.00690709551188
(7428, 3701, 2) 40.42591557612244
(7455, 1, 3) 40.3753561133988
(7505, 51, 3) 40.10962163927761
(7555, 101, 3) 40.46835861243773
(7605, 151, 3) 40.03760912472063
(7655, 201, 3) 40.4490862604356
(7705, 251, 3) 38.894680846021004
(7755, 301, 3) 39.755847912156234
(7805, 351, 3) 40.61039738589174
(7855, 401, 3) 40.07487503082905
(7905, 451, 3) 39.43466961524743
(7955, 501, 3) 40.31707651006564
(8005, 551, 3) 39.59968619396954
(8055, 601, 3) 40.08901212375348
(8105, 651, 3) 39.77508624866896
(8155, 701, 3) 39.12548105170559
(8205, 751, 3) 40.43306143069034
(8255, 801, 3) 40.46194070273791
(8305, 851, 3) 40.1809542051377
(8355, 901, 3) 39.52021771760543
(8405, 951, 3) 39.9840469713642
(8455, 1001, 3) 40.36022239320758
(8505, 1051, 3) 39.34114159742427
(8555, 1101, 3) 38.71779599897281
(8605, 1151, 3) 40.17809424733698
(8655, 1201, 3) 39.273926126556375
(8705, 1251, 3) 39.08400521009796
(8755, 1301, 3) 39.21228985376731
(8805, 1351, 3) 39.50886791261317
(8855, 1401, 3) 40.40002346246377
(8905, 1451, 3) 39.74656310562576
(8955, 1501, 3) 39.51704927226246
(9005, 1551, 3) 38.65342574068605
(9055, 1601, 3) 39.30249325750621
(9105, 1651, 3) 38.896544984850884
(9155, 1701, 3) 38.49979613591546
(9205, 1751, 3) 39.30937176049496
(9255, 1801, 3) 40.1575910142951
(9305, 1851, 3) 39.7251083107576
(9355, 1901, 3) 39.43651843759506
(9405, 1951, 3) 39.02736550954601
(9455, 2001, 3) 40.01039288471994
(9505, 2051, 3) 38.48947285312443
(9555, 2101, 3) 39.901352830674874
(9605, 2151, 3) 39.264410530984726
(9655, 2201, 3) 40.399419836668166
(9705, 2251, 3) 39.012051804302445
(9755, 2301, 3) 40.247849440417546
(9805, 2351, 3) 39.444833838999216
(9855, 2401, 3) 39.55183594939604
(9905, 2451, 3) 38.88813803830334
(9955, 2501, 3) 38.660846973648454
(10005, 2551, 3) 39.22412327772219
(10055, 2601, 3) 38.81443234536916
(10105, 2651, 3) 38.98475272303869
(10155, 2701, 3) 37.95682844415094
(10205, 2751, 3) 38.311039477296475
(10255, 2801, 3) 38.5605657661688
(10305, 2851, 3) 39.13965498673256
(10355, 2901, 3) 38.056452108946026
(10405, 2951, 3) 37.63053330211431
(10455, 3001, 3) 39.59447027131963
(10505, 3051, 3) 38.53589220211493
(10555, 3101, 3) 37.49477868283005
(10605, 3151, 3) 39.24677540795566
(10655, 3201, 3) 38.36711941791719
(10705, 3251, 3) 38.78884388240132
(10755, 3301, 3) 38.150254061402
(10805, 3351, 3) 38.69972537323839
(10855, 3401, 3) 38.54498355326802
(10905, 3451, 3) 39.01753572316054
(10955, 3501, 3) 38.95465852713178
(11005, 3551, 3) 38.723036259536435
(11055, 3601, 3) 37.946512487724505
(11105, 3651, 3) 39.290584878562164
(11155, 3701, 3) 38.82600404745565
(11182, 1, 4) 39.23583994341644
(11232, 51, 4) 39.188885290994556
(11282, 101, 4) 38.07778428784524
(11332, 151, 4) 37.77173119135097
(11382, 201, 4) 39.88521767335001
(11432, 251, 4) 37.60575096261695
(11482, 301, 4) 38.08729131914484
(11532, 351, 4) 37.72766053884187
(11582, 401, 4) 39.02257144232042
(11632, 451, 4) 39.60706520450222
(11682, 501, 4) 39.20203224596066
(11732, 551, 4) 38.14359801004847
(11782, 601, 4) 39.071987154614796
(11832, 651, 4) 39.06481541774591
(11882, 701, 4) 38.59110978530732
(11932, 751, 4) 39.79880670796738
(11982, 801, 4) 39.02518544394825
(12032, 851, 4) 38.18664997687157
(12082, 901, 4) 37.83015368678961
(12132, 951, 4) 38.33180945114285
(12182, 1001, 4) 39.04219945267653
(12232, 1051, 4) 39.3099710407628
(12282, 1101, 4) 37.63927304534089
(12332, 1151, 4) 39.1621582249334
(12382, 1201, 4) 37.718364740909955
(12432, 1251, 4) 37.489537858804546
(12482, 1301, 4) 37.802156722537255
(12532, 1351, 4) 38.64051779573703
(12582, 1401, 4) 37.937735286258
(12632, 1451, 4) 38.79832592575204
(12682, 1501, 4) 39.480590469347995
(12732, 1551, 4) 38.28231326338149
(12782, 1601, 4) 37.79694400294974
(12832, 1651, 4) 36.94177108509482
(12882, 1701, 4) 37.367489185748234
(12932, 1751, 4) 38.17086648934912
(12982, 1801, 4) 37.959737511487454
(13032, 1851, 4) 38.727326663047826
(13082, 1901, 4) 38.431977272517535
(13132, 1951, 4) 37.75623156314589
(13182, 2001, 4) 38.75709436648717
(13232, 2051, 4) 37.98671027088243
(13282, 2101, 4) 39.03276768921732
(13332, 2151, 4) 37.60897476391798
(13382, 2201, 4) 39.46086193305084
(13432, 2251, 4) 38.3219898060044
(13482, 2301, 4) 39.15255856218732
(13532, 2351, 4) 38.680342409177065
(13582, 2401, 4) 38.18061364430583
(13632, 2451, 4) 37.34285767669409
(13682, 2501, 4) 37.32922133249651
(13732, 2551, 4) 38.21951971915873
(13782, 2601, 4) 38.27464096635634
(13832, 2651, 4) 37.074931245888266
(13882, 2701, 4) 36.7478653330928
(13932, 2751, 4) 37.15628147531769
(13982, 2801, 4) 38.277912265894585
(14032, 2851, 4) 37.58272697151916
(14082, 2901, 4) 36.59597312897136
(14132, 2951, 4) 37.031691540602665
(14182, 3001, 4) 39.68939326585364
(14232, 3051, 4) 38.51116639357548
(14282, 3101, 4) 36.395366915591616
(14332, 3151, 4) 37.635219974594555
(14382, 3201, 4) 37.610079925603664
(14432, 3251, 4) 37.055506461287756
(14482, 3301, 4) 37.49632840618022
(14532, 3351, 4) 37.783250107411305
(14582, 3401, 4) 37.20458332918341
(14632, 3451, 4) 37.26601772527098
(14682, 3501, 4) 37.12260062430175
(14732, 3551, 4) 36.99698867519953
(14782, 3601, 4) 37.23177037652935
(14832, 3651, 4) 37.115412061502376
(14882, 3701, 4) 37.439186172147366
