(1, 1, 1) 75.0474939932424
(51, 51, 1) 75.0574600040693
(101, 101, 1) 76.1994694816473
(151, 151, 1) 76.1999382314471
(201, 201, 1) 75.06972152144323
(251, 251, 1) 75.99936053472123
(301, 301, 1) 75.96263951516742
(351, 351, 1) 74.8279529684815
(401, 401, 1) 74.8147413139157
(451, 451, 1) 74.81756958010392
(501, 501, 1) 74.8157817257156
(551, 551, 1) 74.80656827604174
(601, 601, 1) 74.75295858010254
(651, 651, 1) 74.73070457261419
(701, 701, 1) 74.71047441898241
(751, 751, 1) 75.24680276911488
(801, 801, 1) 74.965077148675
(851, 851, 1) 75.12951420800329
(901, 901, 1) 74.9847455752785
(951, 951, 1) 75.29159448711185
(1001, 1001, 1) 74.97838919025938
(1051, 1051, 1) 74.9361467162169
(1101, 1101, 1) 74.67993059095976
(1151, 1151, 1) 75.0142008631964
(1201, 1201, 1) 75.13465013931433
(1251, 1251, 1) 74.8304927813287
(1301, 1301, 1) 75.1205071666818
(1351, 1351, 1) 74.72875578174532
(1401, 1401, 1) 74.79467633967663
(1451, 1451, 1) 75.03105174088032
(1501, 1501, 1) 75.1839363582562
(1551, 1551, 1) 75.2071104143226
(1601, 1601, 1) 74.87943076362941
(1651, 1651, 1) 75.24193826375009
(1701, 1701, 1) 75.16443667893886
(1751, 1751, 1) 75.1961153310954
(1801, 1801, 1) 75.28849947686213
(1851, 1851, 1) 74.74171349416062
(1901, 1901, 1) 74.93644790913294
(1951, 1951, 1) 75.19742846837707
(2001, 2001, 1) 75.37965852892053
(2051, 2051, 1) 75.34291717653386
(2101, 2101, 1) 74.94811315591109
(2151, 2151, 1) 74.96849997163088
(2201, 2201, 1) 74.81966022227708
(2251, 2251, 1) 75.37108005367182
(2301, 2301, 1) 75.25956658657202
(2351, 2351, 1) 74.9337516172126
(2401, 2401, 1) 74.92714193821989
(2451, 2451, 1) 74.79450266873523
(2501, 2501, 1) 74.96501231496438
(2551, 2551, 1) 74.9540155572925
(2601, 2601, 1) 74.95646319097492
(2651, 2651, 1) 74.60301920340665
(2701, 2701, 1) 74.58781276900804
(2751, 2751, 1) 74.34167568245178
(2801, 2801, 1) 74.69317269370663
(2851, 2851, 1) 74.7651690174782
(2901, 2901, 1) 74.67532131303541
(2951, 2951, 1) 74.88550065022608
(3001, 3001, 1) 74.80276473827662
(3051, 3051, 1) 74.70947669907876
(3101, 3101, 1) 74.71083173757343
(3151, 3151, 1) 74.54283977173424
(3201, 3201, 1) 74.16097005772968
(3251, 3251, 1) 74.5253574027904
(3301, 3301, 1) 74.60867442385863
(3351, 3351, 1) 74.5908828886504
(3401, 3401, 1) 74.05477450866411
(3451, 3451, 1) 74.43250106590142
(3501, 3501, 1) 74.16039238062804
(3551, 3551, 1) 74.38298315536977
(3601, 3601, 1) 73.94200320143219
(3651, 3651, 1) 74.36548209343773
(3701, 3701, 1) 73.13859294963935
(3728, 1, 2) 74.1623459306639
(3778, 51, 2) 74.15562146455653
(3828, 101, 2) 74.04962437566881
(3878, 151, 2) 73.32808512947508
(3928, 201, 2) 73.63972530879312
(3978, 251, 2) 73.61937896676585
(4028, 301, 2) 73.1802084350094
(4078, 351, 2) 73.59510189960494
(4128, 401, 2) 73.67787824434248
(4178, 451, 2) 73.65489571051123
(4228, 501, 2) 73.52847743421856
(4278, 551, 2) 73.49139232794738
(4328, 601, 2) 72.85704145578714
(4378, 651, 2) 72.90244882368539
(4428, 701, 2) 72.79014544191512
(4478, 751, 2) 73.29563916696357
(4528, 801, 2) 71.92857490320532
(4578, 851, 2) 72.72917563466177
(4628, 901, 2) 72.44270792429789
(4678, 951, 2) 72.31105909116602
(4728, 1001, 2) 72.28576668818025
(4778, 1051, 2) 72.17407984415108
(4828, 1101, 2) 72.07480144218658
(4878, 1151, 2) 71.20564395912957
(4928, 1201, 2) 71.49170466431545
(4978, 1251, 2) 71.25338503223726
(5028, 1301, 2) 71.73857177738465
(5078, 1351, 2) 71.5022724899042
(5128, 1401, 2) 71.3079879912545
(5178, 1451, 2) 72.02125034505616
(5228, 1501, 2) 71.24009334320576
(5278, 1551, 2) 70.39083546495641
(5328, 1601, 2) 69.79265951224897
(5378, 1651, 2) 69.01747747582434
(5428, 1701, 2) 70.25285683390737
(5478, 1751, 2) 68.81998322281714
(5528, 1801, 2) 70.54962805309529
(5578, 1851, 2) 70.44952195248138
(5628, 1901, 2) 70.0137930088319
(5678, 1951, 2) 68.60775177975185
(5728, 2001, 2) 69.47475403907218
(5778, 2051, 2) 69.52598552073792
(5828, 2101, 2) 69.96884206148879
(5878, 2151, 2) 67.97682555958178
(5928, 2201, 2) 68.1747848979989
(5978, 2251, 2) 67.91326464151231
(6028, 2301, 2) 69.67823334736164
(6078, 2351, 2) 67.92793899061938
(6128, 2401, 2) 68.37002286066283
(6178, 2451, 2) 68.2112178602972
(6228, 2501, 2) 67.73529566369099
(6278, 2551, 2) 67.16432333934782
(6328, 2601, 2) 66.65237222226244
(6378, 2651, 2) 67.68145449112784
(6428, 2701, 2) 64.36246142458842
(6478, 2751, 2) 65.28701453310252
(6528, 2801, 2) 66.46360463475312
(6578, 2851, 2) 67.92867371473422
(6628, 2901, 2) 64.07393501820373
(6678, 2951, 2) 65.47516993088294
(6728, 3001, 2) 66.95890212208862
(6778, 3051, 2) 64.96265010750676
(6828, 3101, 2) 63.09743438718054
(6878, 3151, 2) 64.55956100807673
(6928, 3201, 2) 62.97572688278785
(6978, 3251, 2) 66.1846254170811
(7028, 3301, 2) 64.51360474106413
(7078, 3351, 2) 64.03807042223804
(7128, 3401, 2) 63.82823810798527
(7178, 3451, 2) 61.890173029294345
(7228, 3501, 2) 62.96894047770566
(7278, 3551, 2) 62.82647424203544
(7328, 3601, 2) 64.51287424600366
(7378, 3651, 2) 65.14309108905938
(7428, 3701, 2) 65.29887507376867
(7455, 1, 3) 65.18177042020292
(7505, 51, 3) 63.52147372220448
(7555, 101, 3) 64.38447266293802
(7605, 151, 3) 63.638607448777606
(7655, 201, 3) 63.350710215141014
(7705, 251, 3) 59.335529078914426
(7755, 301, 3) 61.54579665482382
(7805, 351, 3) 65.14675380684496
(7855, 401, 3) 62.96314601921076
(7905, 451, 3) 61.235166654619
(7955, 501, 3) 64.22314917307091
(8005, 551, 3) 61.27256173659856
(8055, 601, 3) 62.83832848965242
(8105, 651, 3) 61.87714170231581
(8155, 701, 3) 58.75392611824951
(8205, 751, 3) 63.378026873562895
(8255, 801, 3) 64.25827676112094
(8305, 851, 3) 63.49185121241605
(8355, 901, 3) 61.22472958142355
(8405, 951, 3) 62.74612224706565
(8455, 1001, 3) 62.83228023943141
(8505, 1051, 3) 60.10739113862588
(8555, 1101, 3) 56.896175147530236
(8605, 1151, 3) 62.26780463022171
(8655, 1201, 3) 59.766937565379486
(8705, 1251, 3) 59.56669860856274
(8755, 1301, 3) 58.59455436463035
(8805, 1351, 3) 59.7184987315873
(8855, 1401, 3) 62.86750537608465
(8905, 1451, 3) 61.758576054644465
(8955, 1501, 3) 60.62230808835679
(9005, 1551, 3) 57.35105609041238
(9055, 1601, 3) 59.544419016251624
(9105, 1651, 3) 57.30564962951114
(9155, 1701, 3) 56.21650188744912
(9205, 1751, 3) 58.980617284703904
(9255, 1801, 3) 61.22422191472355
(9305, 1851, 3) 60.27698957534422
(9355, 1901, 3) 58.35117734182619
(9405, 1951, 3) 57.326802833869294
(9455, 2001, 3) 59.89241946916458
(9505, 2051, 3) 55.46074235184925
(9555, 2101, 3) 60.58696966193743
(9605, 2151, 3) 58.92096456052873
(9655, 2201, 3) 60.678671618422406
(9705, 2251, 3) 57.35593798667329
(9755, 2301, 3) 61.74941655106934
(9805, 2351, 3) 58.18214336160039
(9855, 2401, 3) 58.26096021131863
(9905, 2451, 3) 56.68686971682387
(9955, 2501, 3) 56.28083066142805
(10005, 2551, 3) 57.463621577906565
(10055, 2601, 3) 55.84644344176996
(10105, 2651, 3) 57.028034910671124
(10155, 2701, 3) 52.92067697160672
(10205, 2751, 3) 55.36935793643916
(10255, 2801, 3) 55.79022570925828
(10305, 2851, 3) 58.3526024276706
(10355, 2901, 3) 54.07046495633839
(10405, 2951, 3) 53.806970753326
(10455, 3001, 3) 59.88880007217908
(10505, 3051, 3) 55.90790059694165
(10555, 3101, 3) 51.906276076137424
(10605, 3151, 3) 57.79172918188025
(10655, 3201, 3) 54.82565155871989
(10705, 3251, 3) 55.72001095623872
(10755, 3301, 3) 54.695703620783256
(10805, 3351, 3) 55.79639135519046
(10855, 3401, 3) 54.5153645306931
(10905, 3451, 3) 55.30224348150322
(10955, 3501, 3) 56.05889388022831
(11005, 3551, 3) 54.9315958538528
(11055, 3601, 3) 52.89613163566793
(11105, 3651, 3) 57.919237906354596
(11155, 3701, 3) 55.9375515279733
(11182, 1, 4) 56.18349011107192
(11232, 51, 4) 56.78814598075586
(11282, 101, 4) 53.40227658685268
(11332, 151, 4) 51.86577527167179
(11382, 201, 4) 59.59096262598261
(11432, 251, 4) 52.289766332420164
(11482, 301, 4) 53.08220696128954
(11532, 351, 4) 52.95833405515196
(11582, 401, 4) 55.631695625005115
(11632, 451, 4) 57.28483137214375
(11682, 501, 4) 55.37318053033221
(11732, 551, 4) 52.616544806344656
(11782, 601, 4) 56.41247223300835
(11832, 651, 4) 56.311301227587705
(11882, 701, 4) 53.32290714334598
(11932, 751, 4) 58.392384299209844
(11982, 801, 4) 56.1339896280476
(12032, 851, 4) 53.6501489273885
(12082, 901, 4) 52.58887217655537
(12132, 951, 4) 53.70294304383155
(12182, 1001, 4) 55.53434941144965
(12232, 1051, 4) 57.170727676328106
(12282, 1101, 4) 50.92836448792841
(12332, 1151, 4) 55.24096209716055
(12382, 1201, 4) 52.09923206291426
(12432, 1251, 4) 50.897688206984256
(12482, 1301, 4) 51.01953107275197
(12532, 1351, 4) 54.82230487425901
(12582, 1401, 4) 53.29867568925452
(12632, 1451, 4) 54.73950585715668
(12682, 1501, 4) 56.85895310565713
(12732, 1551, 4) 52.31695707614668
(12782, 1601, 4) 51.651224147013295
(12832, 1651, 4) 49.029216756280576
(12882, 1701, 4) 49.8705992854318
(12932, 1751, 4) 52.19849670143225
(12982, 1801, 4) 51.89193746616956
(13032, 1851, 4) 54.07755969654748
(13082, 1901, 4) 52.90117088294268
(13132, 1951, 4) 50.58537448310672
(13182, 2001, 4) 53.15252766844486
(13232, 2051, 4) 51.31088233487364
(13282, 2101, 4) 54.13137482786412
(13332, 2151, 4) 50.33242818513395
(13382, 2201, 4) 55.09317621698217
(13432, 2251, 4) 52.03892344433275
(13482, 2301, 4) 55.408817979494096
(13532, 2351, 4) 53.34664640555344
(13582, 2401, 4) 52.09955375709807
(13632, 2451, 4) 49.523991075205686
(13682, 2501, 4) 50.71194612430251
(13732, 2551, 4) 53.096208174465175
(13782, 2601, 4) 52.6702192157018
(13832, 2651, 4) 48.76301246215898
(13882, 2701, 4) 48.429234725932254
(13932, 2751, 4) 49.662101616113056
(13982, 2801, 4) 52.48708862046777
(14032, 2851, 4) 50.230676433972576
(14082, 2901, 4) 47.240676872756445
(14132, 2951, 4) 49.666295678142035
(14182, 3001, 4) 57.15673917905529
(14232, 3051, 4) 53.004760419093465
(14282, 3101, 4) 46.535855031315705
(14332, 3151, 4) 49.75355739870676
(14382, 3201, 4) 49.866503359964454
(14432, 3251, 4) 48.61975773066408
(14482, 3301, 4) 50.007735320990065
(14532, 3351, 4) 51.60257211627657
(14582, 3401, 4) 50.13279444412066
(14632, 3451, 4) 49.442120777783686
(14682, 3501, 4) 50.29028915142856
(14732, 3551, 4) 48.04714843589742
(14782, 3601, 4) 48.36495697979881
(14832, 3651, 4) 48.31632146545547
(14882, 3701, 4) 50.125562763972276
