(1, 1, 1) 0.05641843926651503
(51, 51, 1) 0.0
(101, 101, 1) 0.3266421667870209
(151, 151, 1) 0.3259561229774863
(201, 201, 1) 0.5057981741919566
(251, 251, 1) 0.6992893237842286
(301, 301, 1) 0.8503132955947241
(351, 351, 1) 0.761403506654939
(401, 401, 1) 0.6297495012319565
(451, 451, 1) 0.5766871165644172
(501, 501, 1) 0.5765456329735035
(551, 551, 1) 0.6234894875218013
(601, 601, 1) 0.659903092610734
(651, 651, 1) 0.7941185448517306
(701, 701, 1) 0.8960732329098214
(751, 751, 1) 1.5940716578517766
(801, 801, 1) 1.6302029323745308
(851, 851, 1) 1.9524646565405466
(901, 901, 1) 1.800239684839985
(951, 951, 1) 1.6317757857809305
(1001, 1001, 1) 1.9236512562224566
(1051, 1051, 1) 1.865676471381645
(1101, 1101, 1) 1.9965754401240303
(1151, 1151, 1) 1.9346454801547626
(1201, 1201, 1) 2.0688892389230005
(1251, 1251, 1) 2.0123114186905036
(1301, 1301, 1) 2.242340252387863
(1351, 1351, 1) 2.2595049859707865
(1401, 1401, 1) 2.6727897436874573
(1451, 1451, 1) 2.6127509717985014
(1501, 1501, 1) 2.5705099024102243
(1551, 1551, 1) 2.685062305141036
(1601, 1601, 1) 2.5481851812282788
(1651, 1651, 1) 2.968509075665538
(1701, 1701, 1) 3.0025029075003373
(1751, 1751, 1) 3.397399319408872
(1801, 1801, 1) 3.2507272467422306
(1851, 1851, 1) 3.398173211348364
(1901, 1901, 1) 2.8750095176329507
(1951, 1951, 1) 3.256652905173478
(2001, 2001, 1) 2.917561355342241
(2051, 2051, 1) 3.1735328751656064
(2101, 2101, 1) 3.034564830962568
(2151, 2151, 1) 2.8459228670187757
(2201, 2201, 1) 2.914782494454448
(2251, 2251, 1) 3.1681856013086747
(2301, 2301, 1) 3.263432250753829
(2351, 2351, 1) 2.93377100668179
(2401, 2401, 1) 3.132047786963274
(2451, 2451, 1) 3.1753028725113874
(2501, 2501, 1) 3.0094313906947843
(2551, 2551, 1) 3.3230624519082674
(2601, 2601, 1) 3.294351856787079
(2651, 2651, 1) 3.190241978969302
(2701, 2701, 1) 3.0634997777477824
(2751, 2751, 1) 2.940339940184487
(2801, 2801, 1) 3.2624271227444206
(2851, 2851, 1) 3.030112156549647
(2901, 2901, 1) 3.1139524720671776
(2951, 2951, 1) 3.181086037077073
(3001, 3001, 1) 3.31917375659652
(3051, 3051, 1) 3.0461692487153194
(3101, 3101, 1) 3.253890598651298
(3151, 3151, 1) 3.174299370964072
(3201, 3201, 1) 3.2925667588578844
(3251, 3251, 1) 3.1857859898781746
(3301, 3301, 1) 3.391436134268745
(3351, 3351, 1) 3.278772812656524
(3401, 3401, 1) 3.0801148779930716
(3451, 3451, 1) 3.354741363257304
(3501, 3501, 1) 3.220844078989491
(3551, 3551, 1) 3.296839100042533
(3601, 3601, 1) 3.4209536924050856
(3651, 3651, 1) 3.370982910357992
(3701, 3701, 1) 3.112885534618168
(3728, 1, 2) 3.497905399612631
(3778, 51, 2) 3.3675142908085993
(3828, 101, 2) 3.380408395718498
(3878, 151, 2) 3.160491361287753
(3928, 201, 2) 3.2972682715593034
(3978, 251, 2) 3.1687138271049977
(4028, 301, 2) 3.1159426334945994
(4078, 351, 2) 3.355109538613304
(4128, 401, 2) 3.274836865319244
(4178, 451, 2) 3.203180200062003
(4228, 501, 2) 3.4899747811965414
(4278, 551, 2) 3.376383104523753
(4328, 601, 2) 3.232503726130799
(4378, 651, 2) 3.2548243209558105
(4428, 701, 2) 3.348800587016117
(4478, 751, 2) 3.6583917558397863
(4528, 801, 2) 3.3147926817972353
(4578, 851, 2) 3.505036617126706
(4628, 901, 2) 3.2078813807617617
(4678, 951, 2) 3.3082279503049588
(4728, 1001, 2) 3.309110704815104
(4778, 1051, 2) 3.4760237420594393
(4828, 1101, 2) 3.5010952354582376
(4878, 1151, 2) 3.1573043376852183
(4928, 1201, 2) 3.442807364503371
(4978, 1251, 2) 3.441831703983447
(5028, 1301, 2) 3.55656959769552
(5078, 1351, 2) 3.425472361902219
(5128, 1401, 2) 3.3971662623414556
(5178, 1451, 2) 3.4872511726897106
(5228, 1501, 2) 3.5163748441011804
(5278, 1551, 2) 3.307538881530584
(5328, 1601, 2) 3.2679438573738553
(5378, 1651, 2) 3.0560351539299786
(5428, 1701, 2) 3.1820597766090537
(5478, 1751, 2) 3.133833269833671
(5528, 1801, 2) 3.4763974596472402
(5578, 1851, 2) 3.6460248200730017
(5628, 1901, 2) 3.6045780323285217
(5678, 1951, 2) 3.2825886674123534
(5728, 2001, 2) 3.5981445796930798
(5778, 2051, 2) 3.5451166561240277
(5828, 2101, 2) 3.5776715328395574
(5878, 2151, 2) 3.018866370667575
(5928, 2201, 2) 3.51967279478315
(5978, 2251, 2) 3.200018892292041
(6028, 2301, 2) 3.6097554950829163
(6078, 2351, 2) 3.2531779425212184
(6128, 2401, 2) 3.6197049722595716
(6178, 2451, 2) 3.4748676838924673
(6228, 2501, 2) 3.37474988010052
(6278, 2551, 2) 3.6002842107153135
(6328, 2601, 2) 3.2487921202909513
(6378, 2651, 2) 2.8894488249501906
(6428, 2701, 2) 3.192420897083991
(6478, 2751, 2) 3.282539874691395
(6528, 2801, 2) 3.5911430467667835
(6578, 2851, 2) 3.8758996080120576
(6628, 2901, 2) 3.2048773491661082
(6678, 2951, 2) 3.44764399360412
(6728, 3001, 2) 3.465653234009251
(6778, 3051, 2) 3.2138553621699777
(6828, 3101, 2) 3.316784527569294
(6878, 3151, 2) 3.355073129604459
(6928, 3201, 2) 3.1037105051482516
(6978, 3251, 2) 3.5583303915538407
(7028, 3301, 2) 3.7176240117634367
(7078, 3351, 2) 3.4650396122773888
(7128, 3401, 2) 3.4670373088302897
(7178, 3451, 2) 3.448691491320556
(7228, 3501, 2) 3.8233923195151407
(7278, 3551, 2) 3.6806457841124787
(7328, 3601, 2) 3.807974677487267
(7378, 3651, 2) 4.008285403066666
(7428, 3701, 2) 3.7502591690444746
(7455, 1, 3) 3.9218673800204127
(7505, 51, 3) 3.7086434961597172
(7555, 101, 3) 3.8229452595171103
(7605, 151, 3) 3.6437446426477478
(7655, 201, 3) 3.8553661262018943
(7705, 251, 3) 3.627635008395971
(7755, 301, 3) 3.6949358302525113
(7805, 351, 3) 4.16377386272672
(7855, 401, 3) 3.834161654297202
(7905, 451, 3) 3.752960694287006
(7955, 501, 3) 3.9939742808193763
(8005, 551, 3) 3.5636474508538054
(8055, 601, 3) 3.862098170097999
(8105, 651, 3) 3.766106931215814
(8155, 701, 3) 3.5501589153476334
(8205, 751, 3) 3.878075105396825
(8255, 801, 3) 4.217291095718825
(8305, 851, 3) 3.8628399819389823
(8355, 901, 3) 3.608713626928264
(8405, 951, 3) 3.9990711798747016
(8455, 1001, 3) 3.9505343510321005
(8505, 1051, 3) 4.081637853853676
(8555, 1101, 3) 3.972700453401185
(8605, 1151, 3) 4.11628387534309
(8655, 1201, 3) 3.8716272922955826
(8705, 1251, 3) 3.672784594803776
(8755, 1301, 3) 3.816830573895725
(8805, 1351, 3) 3.7160531296656925
(8855, 1401, 3) 4.383085392436746
(8905, 1451, 3) 3.8049989146079155
(8955, 1501, 3) 3.851227458902376
(9005, 1551, 3) 3.5759492708370386
(9055, 1601, 3) 4.159219080149993
(9105, 1651, 3) 3.537639675097215
(9155, 1701, 3) 4.061607039361192
(9205, 1751, 3) 4.161878309611295
(9255, 1801, 3) 4.165858953870359
(9305, 1851, 3) 4.289190771966815
(9355, 1901, 3) 4.194859737298927
(9405, 1951, 3) 3.952307913830935
(9455, 2001, 3) 4.087880381252827
(9505, 2051, 3) 3.6691528647411675
(9555, 2101, 3) 4.003310524571417
(9605, 2151, 3) 4.115446890291465
(9655, 2201, 3) 4.493119431145139
(9705, 2251, 3) 4.19534245063956
(9755, 2301, 3) 4.0881281168192025
(9805, 2351, 3) 4.274506910731264
(9855, 2401, 3) 4.265016382655236
(9905, 2451, 3) 4.075080129914239
(9955, 2501, 3) 4.134714017369807
(10005, 2551, 3) 4.119296596093642
(10055, 2601, 3) 4.1098221213680395
(10105, 2651, 3) 3.562116113218461
(10155, 2701, 3) 3.6979635191954574
(10205, 2751, 3) 3.7707707205705363
(10255, 2801, 3) 3.950346183369814
(10305, 2851, 3) 4.188485560024767
(10355, 2901, 3) 4.013516164162896
(10405, 2951, 3) 3.6486361262784954
(10455, 3001, 3) 4.281791808116372
(10505, 3051, 3) 4.001818289032967
(10555, 3101, 3) 4.108699560061674
(10605, 3151, 3) 4.076576410505658
(10655, 3201, 3) 4.290696932387116
(10705, 3251, 3) 4.165330415078807
(10755, 3301, 3) 4.122775530723044
(10805, 3351, 3) 4.287302529179544
(10855, 3401, 3) 4.188833609758428
(10905, 3451, 3) 4.553494011681955
(10955, 3501, 3) 4.402355708346219
(11005, 3551, 3) 4.3939968574467105
(11055, 3601, 3) 4.409532165921482
(11105, 3651, 3) 4.2178223270110795
(11155, 3701, 3) 4.347327370885842
(11182, 1, 4) 4.786730257550849
(11232, 51, 4) 4.556016412075484
(11282, 101, 4) 4.324254096013813
(11332, 151, 4) 4.065536836272319
(11382, 201, 4) 4.6542004372497106
(11432, 251, 4) 4.096178941664075
(11482, 301, 4) 4.042106019601742
(11532, 351, 4) 3.4644051315827546
(11582, 401, 4) 4.3524467045201165
(11632, 451, 4) 4.4347079761780135
(11682, 501, 4) 4.556953540703063
(11732, 551, 4) 4.278034729854823
(11782, 601, 4) 4.4751333778113676
(11832, 651, 4) 4.511897100322782
(11882, 701, 4) 4.812684569998527
(11932, 751, 4) 4.48651288911203
(11982, 801, 4) 4.527884590973421
(12032, 851, 4) 4.530658931896404
(12082, 901, 4) 4.132950901472296
(12132, 951, 4) 4.669032445897495
(12182, 1001, 4) 4.605155535641179
(12232, 1051, 4) 4.386423305972276
(12282, 1101, 4) 4.488720148499257
(12332, 1151, 4) 4.901245598542376
(12382, 1201, 4) 4.737545466919704
(12432, 1251, 4) 4.754083692448187
(12482, 1301, 4) 4.664601094537248
(12532, 1351, 4) 4.799065462784333
(12582, 1401, 4) 4.764854798500341
(12632, 1451, 4) 5.0579683768962616
(12682, 1501, 4) 4.788877998243615
(12732, 1551, 4) 4.597724275089343
(12782, 1601, 4) 4.651384785685
(12832, 1651, 4) 3.926421873801269
(12882, 1701, 4) 4.669893291443563
(12932, 1751, 4) 4.812909191476431
(12982, 1801, 4) 4.660451263419561
(13032, 1851, 4) 4.663567780880365
(13082, 1901, 4) 4.675165659444559
(13132, 1951, 4) 4.574775782077395
(13182, 2001, 4) 4.976635898976976
(13232, 2051, 4) 4.7037314237204395
(13282, 2101, 4) 4.5662896600902165
(13332, 2151, 4) 4.6335495997137865
(13382, 2201, 4) 4.7576053798098155
(13432, 2251, 4) 4.629858586856747
(13482, 2301, 4) 4.595460817289849
(13532, 2351, 4) 4.856859015573596
(13582, 2401, 4) 4.419862436419714
(13632, 2451, 4) 4.6198978284454295
(13682, 2501, 4) 4.544797953832674
(13732, 2551, 4) 4.712856222433856
(13782, 2601, 4) 4.883545785531411
(13832, 2651, 4) 3.895978694449336
(13882, 2701, 4) 4.303163831255367
(13932, 2751, 4) 4.392536031170972
(13982, 2801, 4) 4.961804675680255
(14032, 2851, 4) 4.854452309671597
(14082, 2901, 4) 4.420776708227009
(14132, 2951, 4) 4.45099893433303
(14182, 3001, 4) 4.788592732661
(14232, 3051, 4) 4.7234222529609164
(14282, 3101, 4) 4.952895005556812
(14332, 3151, 4) 4.91574614823142
(14382, 3201, 4) 4.570265440416275
(14432, 3251, 4) 5.139267594217721
(14482, 3301, 4) 4.637578640722915
(14532, 3351, 4) 4.969641086713002
(14582, 3401, 4) 4.699808265764862
(14632, 3451, 4) 4.810571576167445
(14682, 3501, 4) 4.758430830001029
(14732, 3551, 4) 5.077789037625169
(14782, 3601, 4) 5.00453450114254
(14832, 3651, 4) 5.200793119380813
(14882, 3701, 4) 4.246190823099911
