(1, 1, 1) 0.056419422260303026
(51, 51, 1) 0.0
(101, 101, 1) 0.35718183500872946
(151, 151, 1) 0.3571607230761713
(201, 201, 1) 0.5057981741919566
(251, 251, 1) 0.7158131568086473
(301, 301, 1) 0.8771873570729903
(351, 351, 1) 0.778502961370038
(401, 401, 1) 0.6349291704032244
(451, 451, 1) 0.5766871165644172
(501, 501, 1) 0.5765456329735035
(551, 551, 1) 0.626143381261678
(601, 601, 1) 0.663741921800517
(651, 651, 1) 0.7993902407576468
(701, 701, 1) 0.9059704079516975
(751, 751, 1) 1.6175998780424294
(801, 801, 1) 1.65655082448138
(851, 851, 1) 1.9712934879742114
(901, 901, 1) 1.8164507084826518
(951, 951, 1) 1.646435471336034
(1001, 1001, 1) 1.9356152331668857
(1051, 1051, 1) 1.8743171574130462
(1101, 1101, 1) 2.002091418192192
(1151, 1151, 1) 1.942272891500851
(1201, 1201, 1) 2.0808764308991914
(1251, 1251, 1) 2.020399277120808
(1301, 1301, 1) 2.2489110609464675
(1351, 1351, 1) 2.2645940198649956
(1401, 1401, 1) 2.6812992354171996
(1451, 1451, 1) 2.6250636330148165
(1501, 1501, 1) 2.5822788699112365
(1551, 1551, 1) 2.6921445233846786
(1601, 1601, 1) 2.5621627792714605
(1651, 1651, 1) 2.981833826224437
(1701, 1701, 1) 3.0153399756942987
(1751, 1751, 1) 3.4171509365570687
(1801, 1801, 1) 3.2667349261171563
(1851, 1851, 1) 3.4139612640631456
(1901, 1901, 1) 2.8881629042080004
(1951, 1951, 1) 3.2719102325312805
(2001, 2001, 1) 2.9242352394586617
(2051, 2051, 1) 3.180050422295244
(2101, 2101, 1) 3.0474758270643645
(2151, 2151, 1) 2.858553596644877
(2201, 2201, 1) 2.9307467847658093
(2251, 2251, 1) 3.1775637392654854
(2301, 2301, 1) 3.2763956582597427
(2351, 2351, 1) 2.9470513174290587
(2401, 2401, 1) 3.1445546181983737
(2451, 2451, 1) 3.1867644114113
(2501, 2501, 1) 3.0244402965637835
(2551, 2551, 1) 3.3335107508203157
(2601, 2601, 1) 3.311205944532256
(2651, 2651, 1) 3.205184757030835
(2701, 2701, 1) 3.0811541496667427
(2751, 2751, 1) 2.956118992563083
(2801, 2801, 1) 3.2679308480599807
(2851, 2851, 1) 3.047544780853583
(2901, 2901, 1) 3.1261149235677426
(2951, 2951, 1) 3.187678473877553
(3001, 3001, 1) 3.329619167199867
(3051, 3051, 1) 3.0596362819177556
(3101, 3101, 1) 3.261020418992946
(3151, 3151, 1) 3.1854950258335477
(3201, 3201, 1) 3.3013799176578122
(3251, 3251, 1) 3.198177821568797
(3301, 3301, 1) 3.400253338977703
(3351, 3351, 1) 3.285271876004215
(3401, 3401, 1) 3.091392371437223
(3451, 3451, 1) 3.36376197595466
(3501, 3501, 1) 3.2321245172583586
(3551, 3551, 1) 3.303370403519331
(3601, 3601, 1) 3.4314824850407994
(3651, 3651, 1) 3.3743620447257245
(3701, 3701, 1) 3.1185541791191254
(3728, 1, 2) 3.5047880364855932
(3778, 51, 2) 3.374043415770994
(3828, 101, 2) 3.387400669198438
(3878, 151, 2) 3.1701005474676656
(3928, 201, 2) 3.3047321811423283
(3978, 251, 2) 3.1778519341277796
(4028, 301, 2) 3.125869112030081
(4078, 351, 2) 3.3642908996469183
(4128, 401, 2) 3.281140826021701
(4178, 451, 2) 3.2109388558207232
(4228, 501, 2) 3.5013306701283864
(4278, 551, 2) 3.3822490985211138
(4328, 601, 2) 3.242145728908905
(4378, 651, 2) 3.26150783006351
(4428, 701, 2) 3.3520963472410146
(4478, 751, 2) 3.6642545827375743
(4528, 801, 2) 3.3230597378963806
(4578, 851, 2) 3.5095510584109944
(4628, 901, 2) 3.2145333994118355
(4678, 951, 2) 3.3148416937051297
(4728, 1001, 2) 3.316003320014348
(4778, 1051, 2) 3.4825491011360605
(4828, 1101, 2) 3.5070082525906403
(4878, 1151, 2) 3.1629997420590694
(4928, 1201, 2) 3.4518091849853065
(4978, 1251, 2) 3.4462715153348746
(5028, 1301, 2) 3.5615804088498586
(5078, 1351, 2) 3.4296421420902856
(5128, 1401, 2) 3.4006774356450657
(5178, 1451, 2) 3.493582718894541
(5228, 1501, 2) 3.5221146510289763
(5278, 1551, 2) 3.3143455661036656
(5328, 1601, 2) 3.2743383659815715
(5378, 1651, 2) 3.061755429566297
(5428, 1701, 2) 3.1886705969236826
(5478, 1751, 2) 3.1393281108400006
(5528, 1801, 2) 3.4812712393225747
(5578, 1851, 2) 3.654334611238845
(5628, 1901, 2) 3.6082913793224773
(5678, 1951, 2) 3.28888372776017
(5728, 2001, 2) 3.600458330418578
(5778, 2051, 2) 3.5466750354851038
(5828, 2101, 2) 3.5824095066693746
(5878, 2151, 2) 3.0266837815328627
(5928, 2201, 2) 3.5281247168279193
(5978, 2251, 2) 3.20495303383805
(6028, 2301, 2) 3.6156025054730465
(6078, 2351, 2) 3.259962080428273
(6128, 2401, 2) 3.6233414618978514
(6178, 2451, 2) 3.4828166101440137
(6228, 2501, 2) 3.381085534186616
(6278, 2551, 2) 3.606350782392441
(6328, 2601, 2) 3.2562416135736107
(6378, 2651, 2) 2.892925123209361
(6428, 2701, 2) 3.19959677085064
(6478, 2751, 2) 3.2896273263141396
(6528, 2801, 2) 3.5961764706757435
(6578, 2851, 2) 3.8809823401829155
(6628, 2901, 2) 3.21177139813929
(6678, 2951, 2) 3.453633862466808
(6728, 3001, 2) 3.471144330257206
(6778, 3051, 2) 3.221044369679267
(6828, 3101, 2) 3.3225057828105373
(6878, 3151, 2) 3.3614317271835557
(6928, 3201, 2) 3.10954183303172
(6978, 3251, 2) 3.5638437196465587
(7028, 3301, 2) 3.725498181318016
(7078, 3351, 2) 3.4695858947173654
(7128, 3401, 2) 3.4729841682141216
(7178, 3451, 2) 3.4558014698508552
(7228, 3501, 2) 3.829125795774298
(7278, 3551, 2) 3.686388172581238
(7328, 3601, 2) 3.8138024252551617
(7378, 3651, 2) 4.012144817201299
(7428, 3701, 2) 3.7569555500190104
(7455, 1, 3) 3.926971061726009
(7505, 51, 3) 3.7168866881654017
(7555, 101, 3) 3.829938709007413
(7605, 151, 3) 3.6498908153475145
(7655, 201, 3) 3.862649565837533
(7705, 251, 3) 3.6349223125202292
(7755, 301, 3) 3.701300892192947
(7805, 351, 3) 4.172068647006134
(7855, 401, 3) 3.8423238268510587
(7905, 451, 3) 3.760785434920591
(7955, 501, 3) 3.999959033037203
(8005, 551, 3) 3.5699633368064516
(8055, 601, 3) 3.8684733311084623
(8105, 651, 3) 3.7737545073340426
(8155, 701, 3) 3.5590192698363583
(8205, 751, 3) 3.885352221054058
(8255, 801, 3) 4.223257087829717
(8305, 851, 3) 3.8686419460988395
(8355, 901, 3) 3.6166242103818127
(8405, 951, 3) 4.005963989887221
(8455, 1001, 3) 3.95749975945904
(8505, 1051, 3) 4.090787343655297
(8555, 1101, 3) 3.9823019916235665
(8605, 1151, 3) 4.124930705141284
(8655, 1201, 3) 3.880334228372867
(8705, 1251, 3) 3.6790719710571724
(8755, 1301, 3) 3.824163408984997
(8805, 1351, 3) 3.7227745554381326
(8855, 1401, 3) 4.387336173036448
(8905, 1451, 3) 3.812172929491816
(8955, 1501, 3) 3.8593217663269903
(9005, 1551, 3) 3.5836810517619617
(9055, 1601, 3) 4.167736946764039
(9105, 1651, 3) 3.5468239312789662
(9155, 1701, 3) 4.06843362709278
(9205, 1751, 3) 4.170664463549983
(9255, 1801, 3) 4.172746570498488
(9305, 1851, 3) 4.296767267232203
(9355, 1901, 3) 4.201938960643664
(9405, 1951, 3) 3.962901300402811
(9455, 2001, 3) 4.097791259428513
(9505, 2051, 3) 3.676053139690623
(9555, 2101, 3) 4.01245870420043
(9605, 2151, 3) 4.125407844897974
(9655, 2201, 3) 4.502579357094509
(9705, 2251, 3) 4.209636195082337
(9755, 2301, 3) 4.099424786431652
(9805, 2351, 3) 4.284063614789344
(9855, 2401, 3) 4.274642994428566
(9905, 2451, 3) 4.086499734649795
(9955, 2501, 3) 4.144392851973695
(10005, 2551, 3) 4.129769550276313
(10055, 2601, 3) 4.1211885125164205
(10105, 2651, 3) 3.569919430938049
(10155, 2701, 3) 3.710374602032323
(10205, 2751, 3) 3.7776560593321435
(10255, 2801, 3) 3.957651023285933
(10305, 2851, 3) 4.194990859130852
(10355, 2901, 3) 4.020866852602631
(10405, 2951, 3) 3.6571104200458415
(10455, 3001, 3) 4.290477234239989
(10505, 3051, 3) 4.009921102124403
(10555, 3101, 3) 4.120370311809751
(10605, 3151, 3) 4.085150592082919
(10655, 3201, 3) 4.300024100514943
(10705, 3251, 3) 4.173240513394945
(10755, 3301, 3) 4.132314525828617
(10805, 3351, 3) 4.2966480705605585
(10855, 3401, 3) 4.199266896200161
(10905, 3451, 3) 4.565384330723365
(10955, 3501, 3) 4.4117264721062055
(11005, 3551, 3) 4.400980150803948
(11055, 3601, 3) 4.41991165364383
(11105, 3651, 3) 4.224110951894506
(11155, 3701, 3) 4.357364746690657
(11182, 1, 4) 4.799320832212012
(11232, 51, 4) 4.566081685485132
(11282, 101, 4) 4.334437402469526
(11332, 151, 4) 4.075336378519777
(11382, 201, 4) 4.663287096777439
(11432, 251, 4) 4.105636327930513
(11482, 301, 4) 4.051519076471536
(11532, 351, 4) 3.4731283679709493
(11582, 401, 4) 4.364079927300894
(11632, 451, 4) 4.443293946354569
(11682, 501, 4) 4.5657116215396
(11732, 551, 4) 4.28780254908796
(11782, 601, 4) 4.481854845961265
(11832, 651, 4) 4.52232966201084
(11882, 701, 4) 4.823656308945283
(11932, 751, 4) 4.493159659048447
(11982, 801, 4) 4.534975653667087
(12032, 851, 4) 4.540129767832161
(12082, 901, 4) 4.144494966131779
(12132, 951, 4) 4.6788205119873565
(12182, 1001, 4) 4.614550944888062
(12232, 1051, 4) 4.395284457385248
(12282, 1101, 4) 4.496572753046543
(12332, 1151, 4) 4.912444850013654
(12382, 1201, 4) 4.748497811562765
(12432, 1251, 4) 4.765911370015734
(12482, 1301, 4) 4.67311960895535
(12532, 1351, 4) 4.807869515985719
(12582, 1401, 4) 4.7734176880337955
(12632, 1451, 4) 5.0727547496005165
(12682, 1501, 4) 4.798416711879541
(12732, 1551, 4) 4.606850896334485
(12782, 1601, 4) 4.662067269294193
(12832, 1651, 4) 3.9353620291848563
(12882, 1701, 4) 4.681469628234558
(12932, 1751, 4) 4.822140444009536
(12982, 1801, 4) 4.669715195440385
(13032, 1851, 4) 4.672385658135718
(13082, 1901, 4) 4.6838120566898285
(13132, 1951, 4) 4.588832330760914
(13182, 2001, 4) 4.990523966269893
(13232, 2051, 4) 4.71130011111849
(13282, 2101, 4) 4.582346485715752
(13332, 2151, 4) 4.6466640963975285
(13382, 2201, 4) 4.77184887795933
(13432, 2251, 4) 4.643539676160049
(13482, 2301, 4) 4.611510511156355
(13532, 2351, 4) 4.871044253106034
(13582, 2401, 4) 4.430545512082965
(13632, 2451, 4) 4.635565684277012
(13682, 2501, 4) 4.55632616546832
(13732, 2551, 4) 4.722829162823539
(13782, 2601, 4) 4.895896233158881
(13832, 2651, 4) 3.907520462171969
(13882, 2701, 4) 4.316444160166941
(13932, 2751, 4) 4.405133562978995
(13982, 2801, 4) 4.973172745523691
(14032, 2851, 4) 4.867614278685425
(14082, 2901, 4) 4.432656653878661
(14132, 2951, 4) 4.463767109898344
(14182, 3001, 4) 4.801287253347436
(14232, 3051, 4) 4.737133302497686
(14282, 3101, 4) 4.967950892012267
(14332, 3151, 4) 4.930451290167884
(14382, 3201, 4) 4.580621249292263
(14432, 3251, 4) 5.152624714431713
(14482, 3301, 4) 4.649119645883534
(14532, 3351, 4) 4.983584505898038
(14582, 3401, 4) 4.7113435650309805
(14632, 3451, 4) 4.823866767352023
(14682, 3501, 4) 4.769059333955002
(14732, 3551, 4) 5.091427505094314
(14782, 3601, 4) 5.020177227458145
(14832, 3651, 4) 5.217006929492178
(14882, 3701, 4) 4.260597514661752
