(1, 1, 1) 74.74066614812068
(51, 51, 1) 74.74477352371281
(101, 101, 1) 75.88724309224905
(151, 151, 1) 75.88779416658807
(201, 201, 1) 74.80763032091028
(251, 251, 1) 75.78824179827885
(301, 301, 1) 75.7632586815679
(351, 351, 1) 74.61817395082677
(401, 401, 1) 74.6049098762239
(451, 451, 1) 74.6076496903384
(501, 501, 1) 74.60636059108596
(551, 551, 1) 74.59983986651643
(601, 601, 1) 74.5601021247275
(651, 651, 1) 74.55351042724399
(701, 701, 1) 74.54090044353549
(751, 751, 1) 75.11036371211199
(801, 801, 1) 74.82372258257286
(851, 851, 1) 75.00464363532531
(901, 901, 1) 74.86705385189501
(951, 951, 1) 75.18102665198984
(1001, 1001, 1) 74.8644800133281
(1051, 1051, 1) 74.81358157299748
(1101, 1101, 1) 74.56669194183218
(1151, 1151, 1) 74.90209258831975
(1201, 1201, 1) 75.02993803926744
(1251, 1251, 1) 74.71920769363093
(1301, 1301, 1) 75.02075646559848
(1351, 1351, 1) 74.62600364906747
(1401, 1401, 1) 74.70108488502159
(1451, 1451, 1) 74.9494214676027
(1501, 1501, 1) 75.10201653520392
(1551, 1551, 1) 75.12440239067983
(1601, 1601, 1) 74.81291810223256
(1651, 1651, 1) 75.16012526815999
(1701, 1701, 1) 75.0847255443277
(1751, 1751, 1) 75.12972499649314
(1801, 1801, 1) 75.21458405731146
(1851, 1851, 1) 74.69882573323139
(1901, 1901, 1) 74.87681337078689
(1951, 1951, 1) 75.13558658541369
(2001, 2001, 1) 75.30448183767993
(2051, 2051, 1) 75.27345097222019
(2101, 2101, 1) 74.87699612976229
(2151, 2151, 1) 74.9006891386087
(2201, 2201, 1) 74.75386977803417
(2251, 2251, 1) 75.29305248900627
(2301, 2301, 1) 75.20016228345249
(2351, 2351, 1) 74.88160790472872
(2401, 2401, 1) 74.87727571809837
(2451, 2451, 1) 74.75196295884221
(2501, 2501, 1) 74.9060053847873
(2551, 2551, 1) 74.9062719492769
(2601, 2601, 1) 74.91363251570895
(2651, 2651, 1) 74.57268288766468
(2701, 2701, 1) 74.54764925484083
(2751, 2751, 1) 74.31351016257
(2801, 2801, 1) 74.65714258790499
(2851, 2851, 1) 74.7228134527344
(2901, 2901, 1) 74.64036824265658
(2951, 2951, 1) 74.84058940569008
(3001, 3001, 1) 74.76284309454985
(3051, 3051, 1) 74.67120619623032
(3101, 3101, 1) 74.67347952130314
(3151, 3151, 1) 74.50576593324077
(3201, 3201, 1) 74.1416524193419
(3251, 3251, 1) 74.49253083665603
(3301, 3301, 1) 74.57664701776707
(3351, 3351, 1) 74.55794374775463
(3401, 3401, 1) 74.03412147840068
(3451, 3451, 1) 74.40707277457282
(3501, 3501, 1) 74.13756581525665
(3551, 3551, 1) 74.35473487295847
(3601, 3601, 1) 73.92256136673734
(3651, 3651, 1) 74.33449825341079
(3701, 3701, 1) 73.13037457278777
(3728, 1, 2) 74.14064223648973
(3778, 51, 2) 74.1375708817095
(3828, 101, 2) 74.02889187666194
(3878, 151, 2) 73.31877805826001
(3928, 201, 2) 73.62861560394255
(3978, 251, 2) 73.60936465748105
(4028, 301, 2) 73.17403152924304
(4078, 351, 2) 73.58671587301549
(4128, 401, 2) 73.66505145306971
(4178, 451, 2) 73.64159249550613
(4228, 501, 2) 73.5199244292092
(4278, 551, 2) 73.47856308806404
(4328, 601, 2) 72.85329343144119
(4378, 651, 2) 72.89787781812066
(4428, 701, 2) 72.78324956985595
(4478, 751, 2) 73.28147735666771
(4528, 801, 2) 71.92730189260142
(4578, 851, 2) 72.72150117554656
(4628, 901, 2) 72.43526947825264
(4678, 951, 2) 72.30827416759996
(4728, 1001, 2) 72.28135176032472
(4778, 1051, 2) 72.16978262671266
(4828, 1101, 2) 72.07261996409677
(4878, 1151, 2) 71.20536774905591
(4928, 1201, 2) 71.49001579309623
(4978, 1251, 2) 71.2525017256256
(5028, 1301, 2) 71.73496579398365
(5078, 1351, 2) 71.49936587515816
(5128, 1401, 2) 71.30763868192909
(5178, 1451, 2) 72.01505229714024
(5228, 1501, 2) 71.23886413907266
(5278, 1551, 2) 70.38983453268864
(5328, 1601, 2) 69.79110536739495
(5378, 1651, 2) 69.01128988133834
(5428, 1701, 2) 70.25245524534546
(5478, 1751, 2) 68.8118807414258
(5528, 1801, 2) 70.54777597877148
(5578, 1851, 2) 70.44818876554959
(5628, 1901, 2) 70.0135984051055
(5678, 1951, 2) 68.60419241932318
(5728, 2001, 2) 69.47456724748898
(5778, 2051, 2) 69.52574696403936
(5828, 2101, 2) 69.96427129130417
(5878, 2151, 2) 67.9737248116953
(5928, 2201, 2) 68.17093366577711
(5978, 2251, 2) 67.91284666913191
(6028, 2301, 2) 69.6759228871856
(6078, 2351, 2) 67.92523686182066
(6128, 2401, 2) 68.3693298933961
(6178, 2451, 2) 68.21073842461028
(6228, 2501, 2) 67.73454474418476
(6278, 2551, 2) 67.16073687264281
(6328, 2601, 2) 66.6443310250068
(6378, 2651, 2) 67.68047561319467
(6428, 2701, 2) 64.33906193723811
(6478, 2751, 2) 65.27197566723072
(6528, 2801, 2) 66.4591688364994
(6578, 2851, 2) 67.92726897209305
(6628, 2901, 2) 64.0606655834723
(6678, 2951, 2) 65.47024072599895
(6728, 3001, 2) 66.95765702062451
(6778, 3051, 2) 64.9529905996678
(6828, 3101, 2) 63.081636037441626
(6878, 3151, 2) 64.5521235466574
(6928, 3201, 2) 62.96160834847298
(6978, 3251, 2) 66.1827356045149
(7028, 3301, 2) 64.50990792165018
(7078, 3351, 2) 64.03251057058203
(7128, 3401, 2) 63.82385514533948
(7178, 3451, 2) 61.85794450622269
(7228, 3501, 2) 62.95569010152398
(7278, 3551, 2) 62.810624739396474
(7328, 3601, 2) 64.50620278136331
(7378, 3651, 2) 65.14194679160214
(7428, 3701, 2) 65.29701454545493
(7455, 1, 3) 65.17984848372129
(7505, 51, 3) 63.512821379617414
(7555, 101, 3) 64.38067633192931
(7605, 151, 3) 63.63161516121274
(7655, 201, 3) 63.341633038348576
(7705, 251, 3) 59.30331987213443
(7755, 301, 3) 61.5297091251755
(7805, 351, 3) 65.1452722789713
(7855, 401, 3) 62.95761291692538
(7905, 451, 3) 61.22404835755154
(7955, 501, 3) 64.22100139969014
(8005, 551, 3) 61.25880187293388
(8055, 601, 3) 62.83327724536646
(8105, 651, 3) 61.87023687705528
(8155, 701, 3) 58.71146709994317
(8205, 751, 3) 63.37516852800788
(8255, 801, 3) 64.25715758557749
(8305, 851, 3) 63.49034366757482
(8355, 901, 3) 61.21228581950794
(8405, 951, 3) 62.74411808949103
(8455, 1001, 3) 62.828960065660766
(8505, 1051, 3) 60.097233002137344
(8555, 1101, 3) 56.85953848721289
(8605, 1151, 3) 62.264318908414126
(8655, 1201, 3) 59.75669314506378
(8705, 1251, 3) 59.55882135378611
(8755, 1301, 3) 58.57656039746423
(8805, 1351, 3) 59.70485071709998
(8855, 1401, 3) 62.866193466805456
(8905, 1451, 3) 61.756438499795664
(8955, 1501, 3) 60.618665863097064
(9005, 1551, 3) 57.33292935717507
(9055, 1601, 3) 59.538624470247605
(9105, 1651, 3) 57.282191455735656
(9155, 1701, 3) 56.19347295567627
(9205, 1751, 3) 58.96666284407506
(9255, 1801, 3) 61.22016322277346
(9305, 1851, 3) 60.27081490246399
(9355, 1901, 3) 58.335836448617506
(9405, 1951, 3) 57.30445199321377
(9455, 2001, 3) 59.885021544181605
(9505, 2051, 3) 55.429222389624655
(9555, 2101, 3) 60.581301762401864
(9605, 2151, 3) 58.911737591562364
(9655, 2201, 3) 60.67439472014691
(9705, 2251, 3) 57.341432134873116
(9755, 2301, 3) 61.74706912966113
(9805, 2351, 3) 58.17104546100875
(9855, 2401, 3) 58.249742427487774
(9905, 2451, 3) 56.66945969427562
(9955, 2501, 3) 56.26621067458395
(10005, 2551, 3) 57.4500859412594
(10055, 2601, 3) 55.8223368727947
(10105, 2651, 3) 57.01677239929715
(10155, 2701, 3) 52.867488704099266
(10205, 2751, 3) 55.35396106656181
(10255, 2801, 3) 55.77210747553979
(10305, 2851, 3) 58.34829322750428
(10355, 2901, 3) 54.0515651717896
(10405, 2951, 3) 53.78685003596557
(10455, 3001, 3) 59.885833062036674
(10505, 3051, 3) 55.89172613572022
(10555, 3101, 3) 51.87128533219213
(10605, 3151, 3) 57.78528930366688
(10655, 3201, 3) 54.805704020685056
(10705, 3251, 3) 55.70429519222392
(10755, 3301, 3) 54.683034928257946
(10805, 3351, 3) 55.78446515073696
(10855, 3401, 3) 54.492167385560464
(10905, 3451, 3) 55.2800424500681
(10955, 3501, 3) 56.04682113176522
(11005, 3551, 3) 54.91398999376476
(11055, 3601, 3) 52.86244666408366
(11105, 3651, 3) 57.91444591231917
(11155, 3701, 3) 55.92441499739602
(11182, 1, 4) 56.17202021336708
(11232, 51, 4) 56.77885035705128
(11282, 101, 4) 53.377821529844894
(11332, 151, 4) 51.8237665144504
(11382, 201, 4) 59.588047184159144
(11432, 251, 4) 52.25167786888625
(11482, 301, 4) 53.04788357575578
(11532, 351, 4) 52.93007858213815
(11582, 401, 4) 55.61729727346692
(11632, 451, 4) 57.278870420668206
(11682, 501, 4) 55.35727627780187
(11732, 551, 4) 52.587266542865216
(11782, 601, 4) 56.406518975712096
(11832, 651, 4) 56.30260669179711
(11882, 701, 4) 53.2962135266507
(11932, 751, 4) 58.38933731262124
(11982, 801, 4) 56.12954861013599
(12032, 851, 4) 53.63647258743816
(12082, 901, 4) 52.562567799700254
(12132, 951, 4) 53.69057201060542
(12182, 1001, 4) 55.52529825363357
(12232, 1051, 4) 57.167421582523126
(12282, 1101, 4) 50.899712891725265
(12332, 1151, 4) 55.228296996916725
(12382, 1201, 4) 52.08075160356417
(12432, 1251, 4) 50.87437773820555
(12482, 1301, 4) 50.99588314518165
(12532, 1351, 4) 54.81497388701517
(12582, 1401, 4) 53.289504285117594
(12632, 1451, 4) 54.72835650396578
(12682, 1501, 4) 56.85331979125131
(12732, 1551, 4) 52.29934616720825
(12782, 1601, 4) 51.63398680219212
(12832, 1651, 4) 48.99440016848664
(12882, 1701, 4) 49.83985389999927
(12932, 1751, 4) 52.18001330709908
(12982, 1801, 4) 51.87273129160099
(13032, 1851, 4) 54.06304687924064
(13082, 1901, 4) 52.886769211532126
(13132, 1951, 4) 50.55475289915883
(13182, 2001, 4) 53.13728376926933
(13232, 2051, 4) 51.29048009034125
(13282, 2101, 4) 54.11631764453303
(13332, 2151, 4) 50.29578844381929
(13382, 2201, 4) 55.08193421213241
(13432, 2251, 4) 52.011414176011705
(13482, 2301, 4) 55.40184304308463
(13532, 2351, 4) 53.33350764292475
(13582, 2401, 4) 52.086423380584115
(13632, 2451, 4) 49.483330372135995
(13682, 2501, 4) 50.69233637188587
(13732, 2551, 4) 53.087250858046254
(13782, 2601, 4) 52.65921336334573
(13832, 2651, 4) 48.7246552220074
(13882, 2701, 4) 48.39717552781896
(13932, 2751, 4) 49.63976031950422
(13982, 2801, 4) 52.473417116490204
(14032, 2851, 4) 50.20735579505069
(14082, 2901, 4) 47.19559543602039
(14132, 2951, 4) 49.64767164552858
(14182, 3001, 4) 57.153091283926784
(14232, 3051, 4) 52.992342636073516
(14282, 3101, 4) 46.50235605768931
(14332, 3151, 4) 49.73076304642606
(14382, 3201, 4) 49.84276375792087
(14432, 3251, 4) 48.59775951342489
(14482, 3301, 4) 49.988246576566766
(14532, 3351, 4) 51.59315655673583
(14582, 3401, 4) 50.11997170443777
(14632, 3451, 4) 49.422612170479475
(14682, 3501, 4) 50.27720946539782
(14732, 3551, 4) 48.01375563501677
(14782, 3601, 4) 48.32585872361136
(14832, 3651, 4) 48.28563346160838
(14882, 3701, 4) 50.0986859212436
