(1, 1, 1) 7.692557725157561
(51, 51, 1) 31.696651094473292
(101, 101, 1) 12.298975529965773
(151, 151, 1) 10.969825602142452
(201, 201, 1) 34.37471043502987
(251, 251, 1) 28.441969946921898
(301, 301, 1) 33.84819218280003
(351, 351, 1) 11.10706853040505
(401, 401, 1) 10.710013250625485
(451, 451, 1) 10.650501708986807
(501, 501, 1) 10.662108451717485
(551, 551, 1) 10.811159803482372
(601, 601, 1) 11.407590912815754
(651, 651, 1) 12.275944470548229
(701, 701, 1) 14.277558984565411
(751, 751, 1) 20.96100591097663
(801, 801, 1) 16.200353018425005
(851, 851, 1) 18.78855821762178
(901, 901, 1) 18.705075934448438
(951, 951, 1) 25.700485819326307
(1001, 1001, 1) 20.026290359833983
(1051, 1051, 1) 18.82251002498755
(1101, 1101, 1) 16.76189154312134
(1151, 1151, 1) 20.026536490989834
(1201, 1201, 1) 23.37843826664571
(1251, 1251, 1) 18.31352479985545
(1301, 1301, 1) 25.227804573069214
(1351, 1351, 1) 20.568252193286938
(1401, 1401, 1) 21.498151755684454
(1451, 1451, 1) 25.495990251235423
(1501, 1501, 1) 28.133623922068367
(1551, 1551, 1) 30.96877846098457
(1601, 1601, 1) 27.26178780607274
(1651, 1651, 1) 28.71269475457999
(1701, 1701, 1) 28.461437239869735
(1751, 1751, 1) 30.152561885877986
(1801, 1801, 1) 29.98677140390047
(1851, 1851, 1) 30.59287182679679
(1901, 1901, 1) 27.40265492663447
(1951, 1951, 1) 31.39667180291251
(2001, 2001, 1) 34.0917966474952
(2051, 2051, 1) 34.172233271493006
(2101, 2101, 1) 26.259098555617165
(2151, 2151, 1) 28.943156860766834
(2201, 2201, 1) 25.735922760879415
(2251, 2251, 1) 31.789548314474263
(2301, 2301, 1) 34.10584988266781
(2351, 2351, 1) 30.51630040703891
(2401, 2401, 1) 31.23774716486886
(2451, 2451, 1) 29.68478497746095
(2501, 2501, 1) 27.487666631934726
(2551, 2551, 1) 31.825081876300064
(2601, 2601, 1) 31.187363428103478
(2651, 2651, 1) 30.18393581953499
(2701, 2701, 1) 28.590798238590747
(2751, 2751, 1) 28.960229365053554
(2801, 2801, 1) 33.54081865763686
(2851, 2851, 1) 30.08468455924238
(2901, 2901, 1) 31.213843310312363
(2951, 2951, 1) 32.83392110643773
(3001, 3001, 1) 32.60036414431962
(3051, 3051, 1) 30.206645281277346
(3101, 3101, 1) 34.495837850750576
(3151, 3151, 1) 31.32082402573416
(3201, 3201, 1) 32.78216467578392
(3251, 3251, 1) 31.73415660149228
(3301, 3301, 1) 33.8748590475776
(3351, 3351, 1) 33.41902503610096
(3401, 3401, 1) 30.876629608784
(3451, 3451, 1) 34.54576380496911
(3501, 3501, 1) 30.24754417771168
(3551, 3551, 1) 35.718711694163645
(3601, 3601, 1) 33.32415174111404
(3651, 3651, 1) 37.04222777132891
(3701, 3701, 1) 33.81682962677986
(3728, 1, 2) 36.813549469032196
(3778, 51, 2) 36.546537735819165
(3828, 101, 2) 36.854068868906744
(3878, 151, 2) 33.39248657719789
(3928, 201, 2) 36.87115844063839
(3978, 251, 2) 35.68151933767061
(4028, 301, 2) 34.11749842327285
(4078, 351, 2) 36.251368759705755
(4128, 401, 2) 39.70678545649288
(4178, 451, 2) 38.08935250697864
(4228, 501, 2) 37.075912075117564
(4278, 551, 2) 38.74802267843942
(4328, 601, 2) 37.146204289745036
(4378, 651, 2) 37.00303397766949
(4428, 701, 2) 40.120222001388406
(4478, 751, 2) 40.1601672927627
(4528, 801, 2) 38.432833706756504
(4578, 851, 2) 39.72842736708144
(4628, 901, 2) 39.428826324934526
(4678, 951, 2) 39.58500208920223
(4728, 1001, 2) 40.036790868782404
(4778, 1051, 2) 39.86634325378366
(4828, 1101, 2) 41.02718864236344
(4878, 1151, 2) 41.34782117143928
(4928, 1201, 2) 38.962179716035
(4978, 1251, 2) 41.74745132113596
(5028, 1301, 2) 42.275167144211466
(5078, 1351, 2) 41.55934027978924
(5128, 1401, 2) 42.362525623916135
(5178, 1451, 2) 42.426752438362406
(5228, 1501, 2) 41.22438129605096
(5278, 1551, 2) 43.42285228268256
(5328, 1601, 2) 42.085795414042146
(5378, 1651, 2) 43.34298897118312
(5428, 1701, 2) 43.864751693572366
(5478, 1751, 2) 44.19835946226988
(5528, 1801, 2) 42.707879011464904
(5578, 1851, 2) 39.592611757516956
(5628, 1901, 2) 43.24925929710319
(5678, 1951, 2) 44.90395044596685
(5728, 2001, 2) 44.98178041085425
(5778, 2051, 2) 45.47173927928539
(5828, 2101, 2) 43.19290631239321
(5878, 2151, 2) 43.16579145350065
(5928, 2201, 2) 46.69692538948034
(5978, 2251, 2) 44.578463666535725
(6028, 2301, 2) 43.90675336878563
(6078, 2351, 2) 46.099512396156015
(6128, 2401, 2) 46.667361686809514
(6178, 2451, 2) 43.9467302563006
(6228, 2501, 2) 43.649248842103084
(6278, 2551, 2) 46.154071572739845
(6328, 2601, 2) 44.186009906086404
(6378, 2651, 2) 45.99620057046753
(6428, 2701, 2) 47.26471245985818
(6478, 2751, 2) 44.922882410937376
(6528, 2801, 2) 46.518594288894576
(6578, 2851, 2) 46.961082146312656
(6628, 2901, 2) 46.29736994931796
(6678, 2951, 2) 47.17341349693797
(6728, 3001, 2) 46.43871023349094
(6778, 3051, 2) 46.37246225388775
(6828, 3101, 2) 47.68906663810505
(6878, 3151, 2) 47.17817871527947
(6928, 3201, 2) 47.31948289514971
(6978, 3251, 2) 48.39482970437046
(7028, 3301, 2) 46.43080619318907
(7078, 3351, 2) 48.686986684965646
(7128, 3401, 2) 46.63093412216786
(7178, 3451, 2) 49.11188142797073
(7228, 3501, 2) 48.747977416522076
(7278, 3551, 2) 49.341433508125704
(7328, 3601, 2) 48.92494491616058
(7378, 3651, 2) 47.20797441753064
(7428, 3701, 2) 47.130316878242205
(7455, 1, 3) 48.057574258716215
(7505, 51, 3) 47.780788223210344
(7555, 101, 3) 48.253455491243585
(7605, 151, 3) 48.363556987832034
(7655, 201, 3) 49.29202274617253
(7705, 251, 3) 50.32455032153281
(7755, 301, 3) 49.66637540779498
(7805, 351, 3) 48.098928850578744
(7855, 401, 3) 48.970222067165366
(7905, 451, 3) 49.92334040014071
(7955, 501, 3) 48.50144527487302
(8005, 551, 3) 50.64009424954919
(8055, 601, 3) 49.08041320239806
(8105, 651, 3) 49.20147124923492
(8155, 701, 3) 51.36178218415623
(8205, 751, 3) 49.70235347001044
(8255, 801, 3) 48.58225268338224
(8305, 851, 3) 49.02569757645153
(8355, 901, 3) 48.563161819666036
(8405, 951, 3) 49.28167206750814
(8455, 1001, 3) 50.79219663441364
(8505, 1051, 3) 50.004515875357036
(8555, 1101, 3) 52.128559304401676
(8605, 1151, 3) 51.21652756787925
(8655, 1201, 3) 50.13676477432535
(8705, 1251, 3) 51.254033790500344
(8755, 1301, 3) 52.37257435665496
(8805, 1351, 3) 51.12165981952449
(8855, 1401, 3) 50.16987805986476
(8905, 1451, 3) 49.48653758907259
(8955, 1501, 3) 50.43240703867908
(9005, 1551, 3) 51.871820989707786
(9055, 1601, 3) 51.020273090380485
(9105, 1651, 3) 52.21293689758155
(9155, 1701, 3) 52.40860015299296
(9205, 1751, 3) 51.379400848725645
(9255, 1801, 3) 51.324358889235214
(9305, 1851, 3) 50.60134435497036
(9355, 1901, 3) 51.69912769713084
(9405, 1951, 3) 51.99166367162955
(9455, 2001, 3) 52.05567482552295
(9505, 2051, 3) 53.0326100942119
(9555, 2101, 3) 52.13138295868052
(9605, 2151, 3) 50.280172757911124
(9655, 2201, 3) 52.635712829049254
(9705, 2251, 3) 52.69931524349308
(9755, 2301, 3) 50.51830055522453
(9805, 2351, 3) 52.41197706408678
(9855, 2401, 3) 52.781848274928
(9905, 2451, 3) 52.71221336605731
(9955, 2501, 3) 52.2029049935498
(10005, 2551, 3) 52.32128481775346
(10055, 2601, 3) 52.49116912232329
(10105, 2651, 3) 52.92020867930722
(10155, 2701, 3) 53.982216150718045
(10205, 2751, 3) 51.609524509370274
(10255, 2801, 3) 52.310856177271226
(10305, 2851, 3) 51.03341454114966
(10355, 2901, 3) 53.42499946782502
(10405, 2951, 3) 53.12397725100123
(10455, 3001, 3) 51.2458977202514
(10505, 3051, 3) 52.88060048807165
(10555, 3101, 3) 54.46553572961891
(10605, 3151, 3) 52.55801989428175
(10655, 3201, 3) 52.485205950195336
(10705, 3251, 3) 53.778073589626786
(10755, 3301, 3) 52.49173067218814
(10805, 3351, 3) 52.79671169920547
(10855, 3401, 3) 53.69192716463104
(10905, 3451, 3) 54.769834518949324
(10955, 3501, 3) 53.323853074967865
(11005, 3551, 3) 54.07980965614948
(11055, 3601, 3) 53.72912130372056
(11105, 3651, 3) 52.23648569870605
(11155, 3701, 3) 53.11040702182682
(11182, 1, 4) 54.51615882101378
(11232, 51, 4) 52.343138422847034
(11282, 101, 4) 53.70351840428002
(11332, 151, 4) 54.65940362697902
(11382, 201, 4) 52.85866216880434
(11432, 251, 4) 54.41535111856262
(11482, 301, 4) 54.77413541508716
(11532, 351, 4) 54.54001631644053
(11582, 401, 4) 54.2369746499226
(11632, 451, 4) 54.08863193487971
(11682, 501, 4) 54.03056926783726
(11732, 551, 4) 54.58217316818917
(11782, 601, 4) 52.56958273340071
(11832, 651, 4) 53.1685233727537
(11882, 701, 4) 55.49812277788189
(11932, 751, 4) 52.95847249986575
(11982, 801, 4) 53.694316490394556
(12032, 851, 4) 54.22691435559255
(12082, 901, 4) 54.07519939464276
(12132, 951, 4) 54.524292634838226
(12182, 1001, 4) 54.636680345238595
(12232, 1051, 4) 52.948036635096805
(12282, 1101, 4) 55.25035414303545
(12332, 1151, 4) 55.30015106202231
(12382, 1201, 4) 54.918751944195456
(12432, 1251, 4) 55.57236496124462
(12482, 1301, 4) 56.056566755893165
(12532, 1351, 4) 53.913018663657105
(12582, 1401, 4) 54.031056070897286
(12632, 1451, 4) 54.11171234237686
(12682, 1501, 4) 53.44664539795833
(12732, 1551, 4) 55.279792165919375
(12782, 1601, 4) 54.91238589406435
(12832, 1651, 4) 55.78986979740878
(12882, 1701, 4) 56.050905805219934
(12932, 1751, 4) 54.81210461402925
(12982, 1801, 4) 55.15118098678447
(13032, 1851, 4) 54.25913802421687
(13082, 1901, 4) 55.14549447833924
(13132, 1951, 4) 55.456574182306674
(13182, 2001, 4) 55.75142185821218
(13232, 2051, 4) 55.7638096692616
(13282, 2101, 4) 55.62811549910079
(13332, 2151, 4) 54.913249669172174
(13382, 2201, 4) 55.33185218439826
(13432, 2251, 4) 55.80867579283662
(13482, 2301, 4) 54.47591844606403
(13532, 2351, 4) 55.713858642649136
(13582, 2401, 4) 55.42843861425402
(13632, 2451, 4) 55.977269296885915
(13682, 2501, 4) 54.49232277861776
(13732, 2551, 4) 54.48249462937781
(13782, 2601, 4) 55.63048430600279
(13832, 2651, 4) 56.833739759987914
(13882, 2701, 4) 56.00714664709372
(13932, 2751, 4) 55.25139879124031
(13982, 2801, 4) 54.8288165349683
(14032, 2851, 4) 55.91473572523069
(14082, 2901, 4) 56.13459463973417
(14132, 2951, 4) 55.6188119916512
(14182, 3001, 4) 54.757097606026264
(14232, 3051, 4) 56.07426453993335
(14282, 3101, 4) 56.879099080076436
(14332, 3151, 4) 56.46242362623292
(14382, 3201, 4) 55.833309079022996
(14432, 3251, 4) 55.904833597705775
(14482, 3301, 4) 54.9550805331428
(14532, 3351, 4) 55.0286000175496
(14582, 3401, 4) 55.28502253275842
(14632, 3451, 4) 56.6456342176412
(14682, 3501, 4) 55.34867253372454
(14732, 3551, 4) 56.28288633272221
(14782, 3601, 4) 56.721285340046244
(14832, 3651, 4) 56.35813537125139
(14882, 3701, 4) 56.018124321232676
