(1, 1, 1) 19.05005474072244
(51, 51, 1) 24.425503905235
(101, 101, 1) 31.261314308734814
(151, 151, 1) 16.099332880288518
(201, 201, 1) 3.113477380215709
(251, 251, 1) 3.113477380215709
(284, 1, 2) 3.113477380215709
(334, 51, 2) 3.113477380215709
(384, 101, 2) 3.113477380215709
(434, 151, 2) 3.113477380215709
(484, 201, 2) 3.113477380215709
(534, 251, 2) 8.492433091270497
(567, 1, 3) 14.329295400612159
(617, 51, 3) 20.999185184215992
(667, 101, 3) 19.937898602370158
(717, 151, 3) 17.800787190505194
(767, 201, 3) 20.53709669009339
(817, 251, 3) 25.14331111762668
(850, 1, 4) 20.499355182240617
(900, 51, 4) 22.518021193463095
(950, 101, 4) 22.068831369107944
(1000, 151, 4) 18.12659041699416
(1050, 201, 4) 21.218876360841048
(1100, 251, 4) 22.33682099704019
(1133, 1, 5) 18.75587390601378
(1183, 51, 5) 19.346578084039454
(1233, 101, 5) 12.068267572908944
(1283, 151, 5) 12.956276370540285
(1333, 201, 5) 22.78878219623338
(1383, 251, 5) 19.31585739109183
(1416, 1, 6) 21.358597652678743
(1466, 51, 6) 16.39444372446118
(1516, 101, 6) 17.30366305821892
(1566, 151, 6) 15.858514768786156
(1616, 201, 6) 24.40022297562976
(1666, 251, 6) 20.458717683861135
(1699, 1, 7) 27.31700803762259
(1749, 51, 7) 23.57469299923471
(1799, 101, 7) 20.724005733069294
(1849, 151, 7) 22.487656774806208
(1899, 201, 7) 22.739380663188275
(1949, 251, 7) 18.745931035253392
(1982, 1, 8) 17.731458859833495
(2032, 51, 8) 19.284316706125882
(2082, 101, 8) 18.6295681518527
(2132, 151, 8) 21.76463389114664
(2182, 201, 8) 17.28923168160889
(2232, 251, 8) 18.76764390943146
(2265, 1, 9) 22.05765193920965
(2315, 51, 9) 21.664429942711322
(2365, 101, 9) 13.039467801261443
(2415, 151, 9) 21.81886558775423
(2465, 201, 9) 18.324711586907508
(2515, 251, 9) 15.985969568856609
(2548, 1, 10) 19.316685776859938
(2598, 51, 10) 18.395643955106767
(2648, 101, 10) 18.600445493444543
(2698, 151, 10) 19.34349866679771
(2748, 201, 10) 18.756002088940793
(2798, 251, 10) 17.383378587382364
(2831, 1, 11) 15.622201041615241
(2881, 51, 11) 20.008925852810222
(2931, 101, 11) 15.352133587136663
(2981, 151, 11) 15.429285518511138
(3031, 201, 11) 14.205446606783307
(3081, 251, 11) 17.454569016265967
(3114, 1, 12) 15.546650264992175
(3164, 51, 12) 19.934550575222016
(3214, 101, 12) 17.87431187325099
(3264, 151, 12) 15.085865055504692
(3314, 201, 12) 17.634786794002295
(3364, 251, 12) 16.63278001391441
(3397, 1, 13) 19.013596633386317
(3447, 51, 13) 21.257442849098663
(3497, 101, 13) 18.9292459394584
(3547, 151, 13) 15.333037077189436
(3597, 201, 13) 17.498953560887326
(3647, 251, 13) 17.493044949948484
(3680, 1, 14) 19.45465411028106
(3730, 51, 14) 17.423556966150397
(3780, 101, 14) 20.835625430122956
(3830, 151, 14) 14.697800801154543
(3880, 201, 14) 22.498671182750673
(3930, 251, 14) 16.540946988412795
(3963, 1, 15) 19.606708404533418
(4013, 51, 15) 21.121145074038548
(4063, 101, 15) 19.748559959708313
(4113, 151, 15) 19.559985069103025
(4163, 201, 15) 20.360703494631924
(4213, 251, 15) 20.59257387529316
