(1, 1, 1) 6.469912603443883
(51, 51, 1) 2.7214373028958834
(101, 101, 1) 6.854459304104663
(151, 151, 1) 13.718706771070812
(201, 201, 1) 4.175488606657706
(251, 251, 1) 1.1624798965063785
(284, 1, 2) 1.7705660043407063
(334, 51, 2) 2.362504106993855
(384, 101, 2) 1.3867691008972522
(434, 151, 2) 2.9601671092954334
(484, 201, 2) 4.162928720286349
(534, 251, 2) 8.604223994855033
(567, 1, 3) 9.077241626885433
(617, 51, 3) 14.186396075402678
(667, 101, 3) 13.233714845387098
(717, 151, 3) 10.476433573054457
(767, 201, 3) 11.88743065862395
(817, 251, 3) 11.54551106727453
(850, 1, 4) 12.346057614411308
(900, 51, 4) 13.135209005997527
(950, 101, 4) 13.741617162069659
(1000, 151, 4) 10.120127564131257
(1050, 201, 4) 11.325549094746721
(1100, 251, 4) 12.907163202458912
(1133, 1, 5) 11.420482119669595
(1183, 51, 5) 11.145731427349187
(1233, 101, 5) 10.66359121762025
(1283, 151, 5) 10.031168212657583
(1333, 201, 5) 12.573716142415215
(1383, 251, 5) 12.602646017112749
(1416, 1, 6) 13.18907398154708
(1466, 51, 6) 12.631033050925861
(1516, 101, 6) 12.6337981211259
(1566, 151, 6) 11.524842607495142
(1616, 201, 6) 13.172386840183556
(1666, 251, 6) 12.991016745537758
(1699, 1, 7) 14.064420337172464
(1749, 51, 7) 13.782476570505164
(1799, 101, 7) 12.00838793083612
(1849, 151, 7) 12.926685464215694
(1899, 201, 7) 13.795433037546617
(1949, 251, 7) 14.014678555415134
(1982, 1, 8) 13.04850674280651
(2032, 51, 8) 13.845460235028272
(2082, 101, 8) 12.757350574789108
(2132, 151, 8) 14.74109721849672
(2182, 201, 8) 14.30939222729481
(2232, 251, 8) 15.063504387030406
(2265, 1, 9) 15.650327289131653
(2315, 51, 9) 15.034941347685576
(2365, 101, 9) 12.13278568076637
(2415, 151, 9) 15.248516090056391
(2465, 201, 9) 13.077353041195323
(2515, 251, 9) 14.188986224646985
(2548, 1, 10) 15.136289512292112
(2598, 51, 10) 15.51571875103235
(2648, 101, 10) 14.48511708554539
(2698, 151, 10) 14.091535930548414
(2748, 201, 10) 13.393643419996529
(2798, 251, 10) 14.56588312966657
(2831, 1, 11) 14.322708306366886
(2881, 51, 11) 15.099935202017944
(2931, 101, 11) 14.236614573409168
(2981, 151, 11) 13.158601983566209
(3031, 201, 11) 14.487275937391969
(3081, 251, 11) 14.800424021702462
(3114, 1, 12) 13.819156592376
(3164, 51, 12) 15.147944537545213
(3214, 101, 12) 14.636532457320023
(3264, 151, 12) 13.175701760245826
(3314, 201, 12) 14.94730302113915
(3364, 251, 12) 14.440838233429734
(3397, 1, 13) 14.430648863737844
(3447, 51, 13) 15.341723361990761
(3497, 101, 13) 14.578832062255119
(3547, 151, 13) 13.212946454290252
(3597, 201, 13) 14.926887043469018
(3647, 251, 13) 14.967134657669098
(3680, 1, 14) 15.442807999352688
(3730, 51, 14) 15.15696739869352
(3780, 101, 14) 14.810059051088558
(3830, 151, 14) 13.286594337132563
(3880, 201, 14) 16.092241178286052
(3930, 251, 14) 15.017095020265964
(3963, 1, 15) 15.59907127292909
(4013, 51, 15) 15.937918982634786
(4063, 101, 15) 14.636922092439473
(4113, 151, 15) 14.388321535166233
(4163, 201, 15) 15.27040011701479
(4213, 251, 15) 14.883135057113652
