(1, 1, 1) 12.996265428650954
(51, 51, 1) 0
(101, 101, 1) 0
(151, 151, 1) 0
(201, 201, 1) 6.599672906282198
(251, 251, 1) 11.697106265177272
(284, 1, 2) 10.652787619872736
(334, 51, 2) 10.772224191255244
(384, 101, 2) 12.004514618520677
(434, 151, 2) 9.691820451418966
(484, 201, 2) 6.859797282300427
(534, 251, 2) 1.242689674141804
(567, 1, 3) 2.3802144754316075
(617, 51, 3) 0
(667, 101, 3) 0
(717, 151, 3) 0.39226491780125805
(767, 201, 3) 0
(817, 251, 3) 0.19058896426473204
(850, 1, 4) 1.3277188196854937
(900, 51, 4) 0.7432880062247591
(950, 101, 4) 0
(1000, 151, 4) 0
(1050, 201, 4) 0
(1100, 251, 4) 0
(1133, 1, 5) 2.388878173116275
(1183, 51, 5) 2.3907099575021853
(1233, 101, 5) 0.8335809569222192
(1283, 151, 5) 0.9734614596336968
(1333, 201, 5) 0
(1383, 251, 5) 0
(1416, 1, 6) 0.8516000000000012
(1466, 51, 6) 1.3922714536233762
(1516, 101, 6) 0
(1566, 151, 6) 0.5177131561819515
(1616, 201, 6) 0
(1666, 251, 6) 0
(1699, 1, 7) 0.4331241127742551
(1749, 51, 7) 0.15002210696178508
(1799, 101, 7) 0.049123808552934634
(1849, 151, 7) 0.2591858316930846
(1899, 201, 7) 0
(1949, 251, 7) 0
(1982, 1, 8) 0.8808042339356383
(2032, 51, 8) 0.5546140239856214
(2082, 101, 8) 0.1425550968549274
(2132, 151, 8) 0
(2182, 201, 8) 0
(2232, 251, 8) 0
(2265, 1, 9) 0
(2315, 51, 9) 0.16038168562686828
(2365, 101, 9) 1.0406148042248127
(2415, 151, 9) 0.218379141770777
(2465, 201, 9) 0.30981831229152235
(2515, 251, 9) 0.17678072821374968
(2548, 1, 10) 0.4603240189852258
(2598, 51, 10) 0.30720028040021674
(2648, 101, 10) 0.13407556614717286
(2698, 151, 10) 0.6949805306058892
(2748, 201, 10) 0.7992247074489782
(2798, 251, 10) 0.6384667189235103
(2831, 1, 11) 0.6124573225516627
(2881, 51, 11) 0.7013414122221739
(2931, 101, 11) 0.3855841839771159
(2981, 151, 11) 1.0162237566245444
(3031, 201, 11) 0.847151106606642
(3081, 251, 11) 0.717493145319235
(3114, 1, 12) 0.7953912533174154
(3164, 51, 12) 0.5783845086157307
(3214, 101, 12) 0.5905065449221993
(3264, 151, 12) 0.6753012201552941
(3314, 201, 12) 0.48707650839726213
(3364, 251, 12) 0.7020942423522349
(3397, 1, 13) 1.3214764602526934
(3447, 51, 13) 0.29494927571975893
(3497, 101, 13) 0.581441741357235
(3547, 151, 13) 1.0205008588072069
(3597, 201, 13) 0.5637837244121044
(3647, 251, 13) 0.4995983549933065
(3680, 1, 14) 0.5050609769240388
(3730, 51, 14) 0.7000074497941675
(3780, 101, 14) 0.1992990654205613
(3830, 151, 14) 0.9261182921120081
(3880, 201, 14) 0.05298070001494004
(3930, 251, 14) 0.8329203382963648
(3963, 1, 15) 1.0003533708066321
(4013, 51, 15) 0.4402906677550469
(4063, 101, 15) 0.5743921537120933
(4113, 151, 15) 1.1066298613667058
(4163, 201, 15) 0.7258669959203949
(4213, 251, 15) 0.6354379577256388
