(1, 1, 1) 142.51244336032366
(51, 51, 1) 107.02579852175079
(101, 101, 1) 108.94443919701752
(151, 151, 1) 111.43154595049744
(201, 201, 1) 110.23899159298753
(251, 251, 1) 113.91681320767779
(284, 1, 2) 114.44880977382576
(334, 51, 2) 116.47668384566164
(384, 101, 2) 117.14320350376211
(434, 151, 2) 121.14379492195548
(484, 201, 2) 122.36973544442515
(534, 251, 2) 124.92415588140842
(567, 1, 3) 122.13820422127377
(617, 51, 3) 123.97487997543483
(667, 101, 3) 124.96234458259869
(717, 151, 3) 124.54315689746528
(767, 201, 3) 126.30411954714734
(817, 251, 3) 128.20050151414222
(850, 1, 4) 126.89365247952409
(900, 51, 4) 128.0675561585106
(950, 101, 4) 128.0268430900249
(1000, 151, 4) 128.7099899524746
(1050, 201, 4) 129.64621993103523
(1100, 251, 4) 130.82987450915297
(1133, 1, 5) 130.93130672980948
(1183, 51, 5) 132.7699495517089
(1233, 101, 5) 132.15164130417114
(1283, 151, 5) 132.03575245554714
(1333, 201, 5) 132.09329324425053
(1383, 251, 5) 132.83989436164538
(1416, 1, 6) 133.44893578218412
(1466, 51, 6) 134.08737502682328
(1516, 101, 6) 133.44284347500135
(1566, 151, 6) 133.78751918509732
(1616, 201, 6) 134.03930972228892
(1666, 251, 6) 135.00362849281876
(1699, 1, 7) 135.2691620561087
(1749, 51, 7) 134.94867872795416
(1799, 101, 7) 136.41939971713663
(1849, 151, 7) 135.45813459914282
(1899, 201, 7) 135.61281097569477
(1949, 251, 7) 136.3852219465512
(1982, 1, 8) 136.94055619593811
(2032, 51, 8) 137.17489466503523
(2082, 101, 8) 136.96536720122901
(2132, 151, 8) 136.4735722602826
(2182, 201, 8) 136.68086934703004
(2232, 251, 8) 137.81432749121007
(2265, 1, 9) 137.2689138097482
(2315, 51, 9) 137.33738825235596
(2365, 101, 9) 138.6813785689062
(2415, 151, 9) 137.93145598766597
(2465, 201, 9) 138.45813629810624
(2515, 251, 9) 138.03567889002775
(2548, 1, 10) 138.79937246954375
(2598, 51, 10) 139.26958364356986
(2648, 101, 10) 138.7218295724248
(2698, 151, 10) 139.71872239197782
(2748, 201, 10) 139.27256712363837
(2798, 251, 10) 139.74654757382544
(2831, 1, 11) 139.5770320757817
(2881, 51, 11) 140.92643021086815
(2931, 101, 11) 139.61061895597334
(2981, 151, 11) 140.84180119394657
(3031, 201, 11) 140.38003459398502
(3081, 251, 11) 140.19688764491474
(3114, 1, 12) 140.59804452014507
(3164, 51, 12) 141.15200079822014
(3214, 101, 12) 140.03358483823885
(3264, 151, 12) 140.87221591643763
(3314, 201, 12) 141.53191382879612
(3364, 251, 12) 140.70638890311346
(3397, 1, 13) 141.10674888156996
(3447, 51, 13) 141.3554784031465
(3497, 101, 13) 141.25650804722915
(3547, 151, 13) 142.40030280731565
(3597, 201, 13) 141.34298326997938
(3647, 251, 13) 142.30279912584086
(3680, 1, 14) 142.09908976942143
(3730, 51, 14) 142.88267641188827
(3780, 101, 14) 142.64446480549498
(3830, 151, 14) 143.26087606953092
(3880, 201, 14) 142.10603376339358
(3930, 251, 14) 143.80678668282755
(3963, 1, 15) 143.54671526926438
(4013, 51, 15) 143.61612555971678
(4063, 101, 15) 143.80218299835497
(4113, 151, 15) 143.90432931421321
(4163, 201, 15) 142.70696281099808
(4213, 251, 15) 144.34619011280364
