(1, 1, 1) 9.530943346236118
(21, 21, 1) 8.264523613804833
(41, 41, 1) 6.962439773694145
(61, 61, 1) 6.941976266494763
(81, 81, 1) 6.868995386958981
(101, 101, 1) 6.771102941181335
(121, 121, 1) 6.72371348172135
(141, 141, 1) 6.673522689387956
(161, 161, 1) 6.672505500862883
(181, 181, 1) 6.5933836242652575
(201, 201, 1) 6.557054818756113
(221, 221, 1) 6.512845885817765
(241, 241, 1) 6.469378742304519
(261, 261, 1) 6.433121117658783
(281, 281, 1) 6.375926734102736
(284, 1, 2) 6.354294871280377
(304, 21, 2) 6.335953730406931
(324, 41, 2) 6.309932840121318
(344, 61, 2) 6.297076072070642
(364, 81, 2) 6.2460519180105285
(384, 101, 2) 6.213787191318775
(404, 121, 2) 6.211709260342163
(424, 141, 2) 6.179930639068305
(444, 161, 2) 6.181752498849632
(464, 181, 2) 6.123685558717644
(484, 201, 2) 6.099796286367118
(504, 221, 2) 6.073147240158809
(524, 241, 2) 6.049088323607519
(544, 261, 2) 6.0055109983755255
(564, 281, 2) 5.954858308072582
(567, 1, 3) 5.9735165026916235
(587, 21, 3) 5.938940603063376
(607, 41, 3) 5.937444599401202
(627, 61, 3) 5.922074163024083
(647, 81, 3) 5.881928459955495
(667, 101, 3) 5.846730497387737
(687, 121, 3) 5.84732677761791
(707, 141, 3) 5.818216036534681
(727, 161, 3) 5.813136026732287
(747, 181, 3) 5.752144439746665
(767, 201, 3) 5.733191890703092
(787, 221, 3) 5.728130509313099
(807, 241, 3) 5.705495871349013
(827, 261, 3) 5.660104846507465
(847, 281, 3) 5.615947045744845
(850, 1, 4) 5.688127201756969
(870, 21, 4) 5.6114807775110345
(890, 41, 4) 5.6233314989726555
(910, 61, 4) 5.596074202591342
(930, 81, 4) 5.560736853924978
(950, 101, 4) 5.534337856394904
(970, 121, 4) 5.530375323972203
(990, 141, 4) 5.505811590258487
(1010, 161, 4) 5.505308818747009
(1030, 181, 4) 5.44095643572464
(1050, 201, 4) 5.419234352599075
(1070, 221, 4) 5.418063679831737
(1090, 241, 4) 5.388136862670838
(1110, 261, 4) 5.353123950733433
(1130, 281, 4) 5.296612908321829
(1133, 1, 5) 5.372644137873427
(1153, 21, 5) 5.300176959878731
(1173, 41, 5) 5.3132109918438255
(1193, 61, 5) 5.280511261246468
(1213, 81, 5) 5.240718957694039
(1233, 101, 5) 5.2144688411320335
(1253, 121, 5) 5.197996507405366
(1273, 141, 5) 5.178791775318475
(1293, 161, 5) 5.179645172434901
(1313, 181, 5) 5.115137355872833
(1333, 201, 5) 5.083796403129451
(1353, 221, 5) 5.089532920479359
(1373, 241, 5) 5.048542474776529
(1393, 261, 5) 5.0106175144985325
(1413, 281, 5) 4.9473071566976845
(1416, 1, 6) 5.032687948944731
(1436, 21, 6) 4.951316068232065
(1456, 41, 6) 4.97458536547378
(1476, 61, 6) 4.943331165502391
(1496, 81, 6) 4.90909681022562
(1516, 101, 6) 4.876263442853075
(1536, 121, 6) 4.860714097910908
(1556, 141, 6) 4.842436005212101
(1576, 161, 6) 4.836673010755093
(1596, 181, 6) 4.776900409345721
(1616, 201, 6) 4.747057665965509
(1636, 221, 6) 4.7463006932265435
(1656, 241, 6) 4.707916046759236
(1676, 261, 6) 4.677656957195223
(1696, 281, 6) 4.615978303342972
(1699, 1, 7) 4.73468425982171
(1719, 21, 7) 4.621422915787276
(1739, 41, 7) 4.6561762858363505
(1759, 61, 7) 4.61363666808577
(1779, 81, 7) 4.591185854704711
(1799, 101, 7) 4.550893229077107
(1819, 121, 7) 4.53884775917481
(1839, 141, 7) 4.530891174885529
(1859, 161, 7) 4.5107822627396015
(1879, 181, 7) 4.4539974341098025
(1899, 201, 7) 4.413938566757322
(1919, 221, 7) 4.430910799038893
(1939, 241, 7) 4.386675907363452
(1959, 261, 7) 4.35787671978586
(1979, 281, 7) 4.311909735947421
(1982, 1, 8) 4.403285520493065
(2002, 21, 8) 4.313061433546533
(2022, 41, 8) 4.3585402217667495
(2042, 61, 8) 4.308899705201759
(2062, 81, 8) 4.299314998129871
(2082, 101, 8) 4.272233717885904
(2102, 121, 8) 4.2500384369019
(2122, 141, 8) 4.2364382750843
(2142, 161, 8) 4.2176430878006546
(2162, 181, 8) 4.167277807733352
(2182, 201, 8) 4.121919223312676
(2202, 221, 8) 4.139905496446234
(2222, 241, 8) 4.098063276332356
(2242, 261, 8) 4.071989442492471
(2262, 281, 8) 4.029977833594491
(2265, 1, 9) 4.140988543640717
(2285, 21, 9) 4.0277324814012605
(2305, 41, 9) 4.0763470331423
(2325, 61, 9) 4.0258961367510615
(2345, 81, 9) 4.031626022561392
(2365, 101, 9) 4.000103346080647
(2385, 121, 9) 3.9852887170889333
(2405, 141, 9) 3.974413315502251
(2425, 161, 9) 3.9541503583206095
(2445, 181, 9) 3.895856604156773
(2465, 201, 9) 3.85566367010412
(2485, 221, 9) 3.8838220072178666
(2505, 241, 9) 3.84544060560753
(2525, 261, 9) 3.81215190686936
(2545, 281, 9) 3.7701424106309647
(2548, 1, 10) 3.877045379683132
(2568, 21, 10) 3.7735170104353095
(2588, 41, 10) 3.822026985409111
(2608, 61, 10) 3.7841340859902695
(2628, 81, 10) 3.793682730821318
(2648, 101, 10) 3.7576997088673396
(2668, 121, 10) 3.7359124195802353
(2688, 141, 10) 3.7230710993790113
(2708, 161, 10) 3.7093336087516837
(2728, 181, 10) 3.6651692385303614
(2748, 201, 10) 3.620116083265122
(2768, 221, 10) 3.6603636815396334
(2788, 241, 10) 3.6230319131984694
(2808, 261, 10) 3.589781839627596
(2828, 281, 10) 3.5577448897616577
(2831, 1, 11) 3.6634156986002715
(2851, 21, 11) 3.556378317088445
(2871, 41, 11) 3.6099442638071446
(2891, 61, 11) 3.5591953555227676
(2911, 81, 11) 3.5733772080716926
(2931, 101, 11) 3.538929158653398
(2951, 121, 11) 3.5294815087866858
(2971, 141, 11) 3.5115741467337225
(2991, 161, 11) 3.5129437675578132
(3011, 181, 11) 3.4592338466274546
(3031, 201, 11) 3.413919083476242
(3051, 221, 11) 3.4520888097816025
(3071, 241, 11) 3.4159784881944866
(3091, 261, 11) 3.3972136474595573
(3111, 281, 11) 3.3620916561900485
(3114, 1, 12) 3.4429639304959028
(3134, 21, 12) 3.3584698608894334
(3154, 41, 12) 3.4175520905447705
(3174, 61, 12) 3.368067048986324
(3194, 81, 12) 3.3888693605816345
(3214, 101, 12) 3.3528563146095345
(3234, 121, 12) 3.330374681397882
(3254, 141, 12) 3.314879971604521
(3274, 161, 12) 3.3221367306959344
(3294, 181, 12) 3.2796957108520197
(3314, 201, 12) 3.2376441999318475
(3334, 221, 12) 3.269993038587308
(3354, 241, 12) 3.228975319940011
(3374, 261, 12) 3.2201503215542173
(3394, 281, 12) 3.1836037670696737
(3397, 1, 13) 3.2753530754652402
(3417, 21, 13) 3.1917311985673864
(3437, 41, 13) 3.2553148479697653
(3457, 61, 13) 3.204884145952137
(3477, 81, 13) 3.2280254681504
(3497, 101, 13) 3.182582546345215
(3517, 121, 13) 3.1760680775639853
(3537, 141, 13) 3.1548243350866163
(3557, 161, 13) 3.1567499919830615
(3577, 181, 13) 3.118704964009482
(3597, 201, 13) 3.0783290243479224
(3617, 221, 13) 3.120915705336634
(3637, 241, 13) 3.084034062718299
(3657, 261, 13) 3.062773647610988
(3677, 281, 13) 3.031451482828514
(3680, 1, 14) 3.1224015897806225
(3700, 21, 14) 3.0428672573203537
(3720, 41, 14) 3.101036959378501
(3740, 61, 14) 3.0476426432934667
(3760, 81, 14) 3.06918103561477
(3780, 101, 14) 3.036749842393872
(3800, 121, 14) 3.023889439247821
(3820, 141, 14) 3.00335345918771
(3840, 161, 14) 3.0056477655502016
(3860, 181, 14) 2.9718776574565924
(3880, 201, 14) 2.928669398585795
(3900, 221, 14) 2.9669238639660938
(3920, 241, 14) 2.9293334004297407
(3940, 261, 14) 2.915408848119887
(3960, 281, 14) 2.88739114787322
(3963, 1, 15) 2.9926701635727726
(3983, 21, 15) 2.9039266670805164
(4003, 41, 15) 2.96572053534584
(4023, 61, 15) 2.9062492012613204
(4043, 81, 15) 2.9358425539993402
(4063, 101, 15) 2.8970149952323454
(4083, 121, 15) 2.877456215491466
(4103, 141, 15) 2.85568862049613
(4123, 161, 15) 2.8750917570702543
(4143, 181, 15) 2.835933283733957
(4163, 201, 15) 2.798213873227292
(4183, 221, 15) 2.839348888896533
(4203, 241, 15) 2.7982643987088025
(4223, 261, 15) 2.788304476335234
(4243, 281, 15) 2.7630904717467506
