(1, 1, 1) 23.27239280997003
(51, 51, 1) 29.00973683614108
(101, 101, 1) 30.792679031279757
(151, 151, 1) 30.914450625685557
(201, 201, 1) 23.899910002948843
(251, 251, 1) 18.814006662579832
(284, 1, 2) 19.40871812576084
(334, 51, 2) 20.395839882569753
(384, 101, 2) 19.5424826484357
(434, 151, 2) 21.606855860033868
(484, 201, 2) 23.682646489895426
(534, 251, 2) 29.40735737284316
(567, 1, 3) 30.367437552255193
(617, 51, 3) 32.898782932758785
(667, 101, 3) 32.942737855406655
(717, 151, 3) 32.57057526666605
(767, 201, 3) 32.96311500175051
(817, 251, 3) 32.4383324513091
(850, 1, 4) 32.38858696975085
(900, 51, 4) 33.03762231929385
(950, 101, 4) 33.536582522173234
(1000, 151, 4) 32.1494168099557
(1050, 201, 4) 33.340277257116
(1100, 251, 4) 33.37741783049717
(1133, 1, 5) 32.90837537117979
(1183, 51, 5) 32.89553668220597
(1233, 101, 5) 33.3804411980567
(1283, 151, 5) 33.131108380871424
(1333, 201, 5) 34.00474523733403
(1383, 251, 5) 34.01886862180441
(1416, 1, 6) 33.80296560541966
(1466, 51, 6) 34.19232289976518
(1516, 101, 6) 34.55066261689376
(1566, 151, 6) 33.82153448022441
(1616, 201, 6) 34.33910696672442
(1666, 251, 6) 34.337872160734086
(1699, 1, 7) 34.60947999934545
(1749, 51, 7) 34.4248245000353
(1799, 101, 7) 34.54882648371296
(1849, 151, 7) 34.27524256525177
(1899, 201, 7) 34.752026947619
(1949, 251, 7) 34.569697789094334
(1982, 1, 8) 34.59440409874541
(2032, 51, 8) 34.644519328275436
(2082, 101, 8) 34.909982452299595
(2132, 151, 8) 34.88055501221664
(2182, 201, 8) 34.845455450095386
(2232, 251, 8) 34.91386059145884
(2265, 1, 9) 35.18809039481452
(2315, 51, 9) 35.026116872449535
(2365, 101, 9) 34.812747277030574
(2415, 151, 9) 35.16016408361761
(2465, 201, 9) 34.70531705036232
(2515, 251, 9) 35.02079019597932
(2548, 1, 10) 35.08099098878274
(2598, 51, 10) 35.00459563627405
(2648, 101, 10) 35.08252235596484
(2698, 151, 10) 34.90767897663814
(2748, 201, 10) 35.07630361859267
(2798, 251, 10) 34.999841547769144
(2831, 1, 11) 35.0504828872201
(2881, 51, 11) 35.1036004772833
(2931, 101, 11) 35.156151316763975
(2981, 151, 11) 35.04221074718737
(3031, 201, 11) 35.24005324166017
(3081, 251, 11) 35.10454732280739
(3114, 1, 12) 35.06834947466474
(3164, 51, 12) 35.19314645158367
(3214, 101, 12) 35.349356944623636
(3264, 151, 12) 34.92868378820744
(3314, 201, 12) 35.21023402404141
(3364, 251, 12) 35.30118274722589
(3397, 1, 13) 35.581793966984264
(3447, 51, 13) 35.21169660396622
(3497, 101, 13) 35.13746360204748
(3547, 151, 13) 35.01405031583603
(3597, 201, 13) 35.557634901124366
(3647, 251, 13) 35.31903647742387
(3680, 1, 14) 35.48831595306816
(3730, 51, 14) 35.50159391602568
(3780, 101, 14) 35.33425595787784
(3830, 151, 14) 35.3791135641872
(3880, 201, 14) 35.632205596683654
(3930, 251, 14) 35.61469622782314
(3963, 1, 15) 35.835680046902674
(4013, 51, 15) 35.43248791952168
(4063, 101, 15) 35.64349864888629
(4113, 151, 15) 35.49352697418905
(4163, 201, 15) 35.93062854442556
(4213, 251, 15) 35.459827995527405
