(1, 1, 1) 0.0
(51, 51, 1) 0.0
(101, 101, 1) 0.23183925811437403
(151, 151, 1) 0.23183925811437403
(201, 201, 1) 0.23183925811437403
(251, 251, 1) 0.15552099533437017
(284, 1, 2) 0.3542552171550925
(334, 51, 2) 0.49526910571234495
(384, 101, 2) 0.7399794450154165
(434, 151, 2) 0.9204094481504799
(484, 201, 2) 1.2177721080710697
(534, 251, 2) 1.3109708586566933
(567, 1, 3) 2.045105432202207
(617, 51, 3) 1.6770764006211711
(667, 101, 3) 1.763622285845555
(717, 151, 3) 2.053734683044074
(767, 201, 3) 1.6858732728426657
(817, 251, 3) 1.600226617222909
(850, 1, 4) 1.7681099518507948
(900, 51, 4) 1.475885225885226
(950, 101, 4) 1.6298730630686271
(1000, 151, 4) 1.9486668107978433
(1050, 201, 4) 1.7429767862970593
(1100, 251, 4) 1.5081196735348572
(1133, 1, 5) 1.6267722773334603
(1183, 51, 5) 1.4243073277433467
(1233, 101, 5) 1.595464521901379
(1283, 151, 5) 1.574926785111314
(1333, 201, 5) 1.717842920388963
(1383, 251, 5) 1.7785589459866475
(1416, 1, 6) 1.6851615879951436
(1466, 51, 6) 1.6168353152197736
(1516, 101, 6) 1.5922243675775172
(1566, 151, 6) 1.777112626187748
(1616, 201, 6) 1.8203770132113404
(1666, 251, 6) 2.017598956555383
(1699, 1, 7) 1.9012792431390546
(1749, 51, 7) 2.1521686126630053
(1799, 101, 7) 2.1540593227652636
(1849, 151, 7) 2.0100707564285303
(1899, 201, 7) 2.1853561301856934
(1949, 251, 7) 1.864297268132059
(1982, 1, 8) 1.8401779516155423
(2032, 51, 8) 2.2129479906609966
(2082, 101, 8) 2.4951993234091967
(2132, 151, 8) 2.0309931491308264
(2182, 201, 8) 2.1675600746614943
(2232, 251, 8) 1.8524982519471676
(2265, 1, 9) 2.0515802891159387
(2315, 51, 9) 1.87847984022647
(2365, 101, 9) 2.3755935708410765
(2415, 151, 9) 1.994451302362748
(2465, 201, 9) 2.236248878250312
(2515, 251, 9) 2.0974410948619577
(2548, 1, 10) 2.2362760571602105
(2598, 51, 10) 2.2497684902560695
(2648, 101, 10) 1.9050734504315021
(2698, 151, 10) 1.838040054795877
(2748, 201, 10) 2.230158337994889
(2798, 251, 10) 1.9763773963693074
(2831, 1, 11) 2.188827551571922
(2881, 51, 11) 2.030655555666322
(2931, 101, 11) 2.175001491155651
(2981, 151, 11) 1.982220266054904
(3031, 201, 11) 2.2178061155693434
(3081, 251, 11) 1.8043225170813828
(3114, 1, 12) 2.051973833908133
(3164, 51, 12) 2.6456708329150302
(3214, 101, 12) 2.3704428874824144
(3264, 151, 12) 1.718801385996821
(3314, 201, 12) 2.2513363466501524
(3364, 251, 12) 1.9526029829848925
(3397, 1, 13) 1.9691229442755875
(3447, 51, 13) 2.0121587765655273
(3497, 101, 13) 2.0626568910667307
(3547, 151, 13) 1.5414917656991192
(3597, 201, 13) 2.0040898130581817
(3647, 251, 13) 2.090746020725466
(3680, 1, 14) 1.9993141545326911
(3730, 51, 14) 2.0743717975126046
(3780, 101, 14) 2.020174191676294
(3830, 151, 14) 1.7531482736633262
(3880, 201, 14) 2.2017471489999982
(3930, 251, 14) 2.0773831053342713
(3963, 1, 15) 1.7191345904993125
(4013, 51, 15) 2.3215805777973006
(4063, 101, 15) 1.953268431324921
(4113, 151, 15) 1.6256533211930189
(4163, 201, 15) 2.284706807189054
(4213, 251, 15) 1.8159630996915272
