(1, 1, 1) 64.51210225053858
(51, 51, 1) 65.42918378346965
(101, 101, 1) 65.47464479955957
(151, 151, 1) 65.28908507162528
(201, 201, 1) 64.19945671442788
(251, 251, 1) 63.43920675161587
(284, 1, 2) 63.417300419455024
(334, 51, 2) 63.52868153137713
(384, 101, 2) 63.38876438236455
(434, 151, 2) 63.60427662910706
(484, 201, 2) 63.82984135040468
(534, 251, 2) 64.60279927453387
(567, 1, 3) 64.72336473709127
(617, 51, 3) 65.08779958502728
(667, 101, 3) 65.07239397534825
(717, 151, 3) 64.82305640946446
(767, 201, 3) 64.94461391341319
(817, 251, 3) 64.82893522602275
(850, 1, 4) 64.75286632033756
(900, 51, 4) 64.70336180069076
(950, 101, 4) 64.9232642449306
(1000, 151, 4) 64.64348234908883
(1050, 201, 4) 64.75771912286909
(1100, 251, 4) 64.7650772781838
(1133, 1, 5) 64.70014474560756
(1183, 51, 5) 64.65145749193569
(1233, 101, 5) 64.69226354326364
(1283, 151, 5) 64.60878922352327
(1333, 201, 5) 64.80883652065049
(1383, 251, 5) 64.83415517368502
(1416, 1, 6) 64.7216342499778
(1466, 51, 6) 64.72760877025456
(1516, 101, 6) 64.72268859099957
(1566, 151, 6) 64.57245253588137
(1616, 201, 6) 64.76293549036218
(1666, 251, 6) 64.68517400692764
(1699, 1, 7) 64.72463477919493
(1749, 51, 7) 64.63438950694615
(1799, 101, 7) 64.61697425493011
(1849, 151, 7) 64.63766120537643
(1899, 201, 7) 64.68335823531281
(1949, 251, 7) 64.60116508772226
(1982, 1, 8) 64.66983157613105
(2032, 51, 8) 64.45790047513121
(2082, 101, 8) 64.60460610855996
(2132, 151, 8) 64.68449611068868
(2182, 201, 8) 64.6481887664066
(2232, 251, 8) 64.60232932600938
(2265, 1, 9) 64.59369176640992
(2315, 51, 9) 64.520634787714
(2365, 101, 9) 64.41775781884552
(2415, 151, 9) 64.56891801806329
(2465, 201, 9) 64.16532357738954
(2515, 251, 9) 64.36687684002258
(2548, 1, 10) 64.28104951929595
(2598, 51, 10) 64.57145068957146
(2648, 101, 10) 64.38935138443351
(2698, 151, 10) 64.28568069760107
(2748, 201, 10) 64.3736740937371
(2798, 251, 10) 64.40099844491122
(2831, 1, 11) 64.32701267529978
(2881, 51, 11) 64.38495870633123
(2931, 101, 11) 64.27202279475623
(2981, 151, 11) 64.1592798652128
(3031, 201, 11) 64.28230327324587
(3081, 251, 11) 64.25440794047856
(3114, 1, 12) 64.18780248983197
(3164, 51, 12) 64.37687608056181
(3214, 101, 12) 64.27497838340236
(3264, 151, 12) 64.39797345621398
(3314, 201, 12) 64.32838813704518
(3364, 251, 12) 64.08850057126769
(3397, 1, 13) 64.27031997023434
(3447, 51, 13) 64.52634472111811
(3497, 101, 13) 64.21103700569356
(3547, 151, 13) 64.38750919047962
(3597, 201, 13) 64.25217395867983
(3647, 251, 13) 64.13348038895556
(3680, 1, 14) 64.34363226707343
(3730, 51, 14) 64.31160445615998
(3780, 101, 14) 64.38457937719305
(3830, 151, 14) 64.17868069441617
(3880, 201, 14) 64.59351238739804
(3930, 251, 14) 64.50302418762153
(3963, 1, 15) 64.44897440165178
(4013, 51, 15) 64.47849324627173
(4063, 101, 15) 64.22313495790965
(4113, 151, 15) 64.4916912693495
(4163, 201, 15) 64.31411628637082
(4213, 251, 15) 64.23246532049818
