(1, 1, 1) 0.0
(51, 51, 1) 0.0
(101, 101, 1) 0.23183925811437403
(151, 151, 1) 0.23183925811437403
(201, 201, 1) 0.23183925811437403
(251, 251, 1) 0.15552099533437017
(284, 1, 2) 0.35708734770504347
(334, 51, 2) 0.4976739146765831
(384, 101, 2) 0.7406737328897086
(434, 151, 2) 0.9225962306600397
(484, 201, 2) 1.2194198027479022
(534, 251, 2) 1.3110444282844267
(567, 1, 3) 2.0460823930657286
(617, 51, 3) 1.6777628324754483
(667, 101, 3) 1.7665037220833106
(717, 151, 3) 2.0542622020604635
(767, 201, 3) 1.6874802071266748
(817, 251, 3) 1.6022540043904454
(850, 1, 4) 1.7707158688801472
(900, 51, 4) 1.4773409229896788
(950, 101, 4) 1.6318897709254574
(1000, 151, 4) 1.9504636156557966
(1050, 201, 4) 1.744400392704807
(1100, 251, 4) 1.5097686804651131
(1133, 1, 5) 1.6289508585703523
(1183, 51, 5) 1.4260560133642244
(1233, 101, 5) 1.5969921276648509
(1283, 151, 5) 1.5764040307801084
(1333, 201, 5) 1.72044933378261
(1383, 251, 5) 1.7806038071713117
(1416, 1, 6) 1.6879320003676332
(1466, 51, 6) 1.6196375413604585
(1516, 101, 6) 1.5943110875936737
(1566, 151, 6) 1.7786737448844645
(1616, 201, 6) 1.8232275666439548
(1666, 251, 6) 2.0198283897119635
(1699, 1, 7) 1.9050274544238202
(1749, 51, 7) 2.1565962273222166
(1799, 101, 7) 2.157299017998703
(1849, 151, 7) 2.0142143791356717
(1899, 201, 7) 2.190267080610315
(1949, 251, 7) 1.8672114557170334
(1982, 1, 8) 1.8440745889243784
(2032, 51, 8) 2.2181227175223532
(2082, 101, 8) 2.5036045301723804
(2132, 151, 8) 2.037058994818543
(2182, 201, 8) 2.172375347624214
(2232, 251, 8) 1.8571209418870032
(2265, 1, 9) 2.059687717683154
(2315, 51, 9) 1.884003732172804
(2365, 101, 9) 2.383300922455315
(2415, 151, 9) 2.0021021978423947
(2465, 201, 9) 2.244122707753886
(2515, 251, 9) 2.1060252732097116
(2548, 1, 10) 2.2468125530688767
(2598, 51, 10) 2.259990764968519
(2648, 101, 10) 1.9130850615843267
(2698, 151, 10) 1.844449407628947
(2748, 201, 10) 2.2384392348600013
(2798, 251, 10) 1.9853430136823276
(2831, 1, 11) 2.1984428170610335
(2881, 51, 11) 2.0416487397809133
(2931, 101, 11) 2.1877650523994556
(2981, 151, 11) 1.9900322297633042
(3031, 201, 11) 2.228838600913743
(3081, 251, 11) 1.8148611615450192
(3114, 1, 12) 2.06082954466051
(3164, 51, 12) 2.6595979848708087
(3214, 101, 12) 2.3834728802503102
(3264, 151, 12) 1.7277479566339107
(3314, 201, 12) 2.2648375632768056
(3364, 251, 12) 1.962090657081931
(3397, 1, 13) 1.9792365919181432
(3447, 51, 13) 2.0200056076875135
(3497, 101, 13) 2.0724767672022875
(3547, 151, 13) 1.5472667141772438
(3597, 201, 13) 2.013381277163494
(3647, 251, 13) 2.101303969314782
(3680, 1, 14) 2.0093162063311376
(3730, 51, 14) 2.0826901882378555
(3780, 101, 14) 2.028092396733059
(3830, 151, 14) 1.7599507897340425
(3880, 201, 14) 2.214966618079727
(3930, 251, 14) 2.087560277354324
(3963, 1, 15) 1.7260716600357717
(4013, 51, 15) 2.3328354689584425
(4063, 101, 15) 1.9644007125543275
(4113, 151, 15) 1.63185047271905
(4163, 201, 15) 2.296680133591702
(4213, 251, 15) 1.8262050506532808
