(1, 1, 1) 28.999788362095064
(51, 51, 1) 31.21026864925372
(101, 101, 1) 31.938574331092827
(151, 151, 1) 31.92786789491338
(201, 201, 1) 29.231715905741783
(251, 251, 1) 27.26044314742188
(284, 1, 2) 27.526448988644734
(334, 51, 2) 27.945241240776607
(384, 101, 2) 27.69572310893165
(434, 151, 2) 28.52341860294771
(484, 201, 2) 29.394088438069485
(534, 251, 2) 31.596583508431326
(567, 1, 3) 32.2059618678306
(617, 51, 3) 33.055150021080024
(667, 101, 3) 33.095175344195376
(717, 151, 3) 32.995995356895
(767, 201, 3) 33.04531267797239
(817, 251, 3) 32.79795369354705
(850, 1, 4) 32.81897487326051
(900, 51, 4) 32.927639500878705
(950, 101, 4) 33.218516052760386
(1000, 151, 4) 32.767570947938054
(1050, 201, 4) 33.1407401759341
(1100, 251, 4) 33.07549079097861
(1133, 1, 5) 32.939950395106024
(1183, 51, 5) 32.85064487130284
(1233, 101, 5) 33.090638582422415
(1283, 151, 5) 32.97325849016975
(1333, 201, 5) 33.37614672543729
(1383, 251, 5) 33.410663397779636
(1416, 1, 6) 33.27265979681343
(1466, 51, 6) 33.383433606824525
(1516, 101, 6) 33.499205569486584
(1566, 151, 6) 33.266688762588174
(1616, 201, 6) 33.51138893577804
(1666, 251, 6) 33.5568581720756
(1699, 1, 7) 33.62667095506149
(1749, 51, 7) 33.618290734973655
(1799, 101, 7) 33.66147062162061
(1849, 151, 7) 33.524818808670105
(1899, 201, 7) 33.75766618676995
(1949, 251, 7) 33.56360313247333
(1982, 1, 8) 33.58942064285267
(2032, 51, 8) 33.6618146622162
(2082, 101, 8) 33.89434023078099
(2132, 151, 8) 33.754761567559115
(2182, 201, 8) 33.776472698766106
(2232, 251, 8) 33.68050524497169
(2265, 1, 9) 33.83721426528615
(2315, 51, 9) 33.70087465603885
(2365, 101, 9) 33.766927645556414
(2415, 151, 9) 33.800026279788646
(2465, 201, 9) 33.60059641690797
(2515, 251, 9) 33.723948294127965
(2548, 1, 10) 33.767406012382914
(2598, 51, 10) 33.83327312172338
(2648, 101, 10) 33.69017613358846
(2698, 151, 10) 33.574548901000405
(2748, 201, 10) 33.795244629945714
(2798, 251, 10) 33.68840009579727
(2831, 1, 11) 33.756700955837765
(2881, 51, 11) 33.7363716526605
(2931, 101, 11) 33.77111331169158
(2981, 151, 11) 33.63199354527931
(3031, 201, 11) 33.814045540660494
(3081, 251, 11) 33.62051882562458
(3114, 1, 12) 33.67140474902498
(3164, 51, 12) 33.972579042609865
(3214, 101, 12) 33.903486036738656
(3264, 151, 12) 33.58079573527548
(3314, 201, 12) 33.8287503799747
(3364, 251, 12) 33.689520048077505
(3397, 1, 13) 33.847916887339494
(3447, 51, 13) 33.815864974090076
(3497, 101, 13) 33.70941218751839
(3547, 151, 13) 33.54645245946202
(3597, 201, 13) 33.847743334632526
(3647, 251, 13) 33.75632099848021
(3680, 1, 14) 33.849410878980954
(3730, 51, 14) 33.87004344117753
(3780, 101, 14) 33.81610372422866
(3830, 151, 14) 33.68259085501624
(3880, 201, 14) 34.039783149678975
(3930, 251, 14) 33.96769570993186
(3963, 1, 15) 33.90994965603415
(4013, 51, 15) 33.9787847016836
(4063, 101, 15) 33.8457831838559
(4113, 151, 15) 33.77542694092605
(4163, 201, 15) 34.086728465087475
(4213, 251, 15) 33.74385903688167
