(1, 1, 1) 29.3857584146339
(51, 51, 1) 31.551616858726614
(101, 101, 1) 32.31042430808123
(151, 151, 1) 32.30866529458088
(201, 201, 1) 29.7086068469945
(251, 251, 1) 27.593900580494008
(284, 1, 2) 28.103522004298256
(334, 51, 2) 28.531200201502532
(384, 101, 2) 28.2929881845465
(434, 151, 2) 29.11678037742334
(484, 201, 2) 29.965517784591384
(534, 251, 2) 32.08909172151453
(567, 1, 3) 32.70310218390739
(617, 51, 3) 33.53384961678186
(667, 101, 3) 33.57827083198076
(717, 151, 3) 33.51524704119913
(767, 201, 3) 33.56616354215074
(817, 251, 3) 33.300912660538394
(850, 1, 4) 33.3508852020669
(900, 51, 4) 33.46261375001641
(950, 101, 4) 33.753940471923656
(1000, 151, 4) 33.31757316774368
(1050, 201, 4) 33.694031527539686
(1100, 251, 4) 33.61714731153504
(1133, 1, 5) 33.50976698938015
(1183, 51, 5) 33.40818874131796
(1233, 101, 5) 33.67498308208268
(1283, 151, 5) 33.56172110332155
(1333, 201, 5) 33.93648350324935
(1383, 251, 5) 33.97480486455367
(1416, 1, 6) 33.85170743778385
(1466, 51, 6) 33.9584123367031
(1516, 101, 6) 34.09101680899924
(1566, 151, 6) 33.8674958603253
(1616, 201, 6) 34.08069093032864
(1666, 251, 6) 34.14723213231678
(1699, 1, 7) 34.23887847091856
(1749, 51, 7) 34.22935630575786
(1799, 101, 7) 34.30621599631094
(1849, 151, 7) 34.154720677328505
(1899, 201, 7) 34.374557025680936
(1949, 251, 7) 34.18864988842791
(1982, 1, 8) 34.23396073571647
(2032, 51, 8) 34.29708460392233
(2082, 101, 8) 34.541801588499844
(2132, 151, 8) 34.3993433986333
(2182, 201, 8) 34.418663363871495
(2232, 251, 8) 34.32480576601869
(2265, 1, 9) 34.470243151672584
(2315, 51, 9) 34.33265007070671
(2365, 101, 9) 34.43522277298053
(2415, 151, 9) 34.427286543719994
(2465, 201, 9) 34.25148356895028
(2515, 251, 9) 34.3578492690635
(2548, 1, 10) 34.43232920339215
(2598, 51, 10) 34.46539297087773
(2648, 101, 10) 34.34218092402187
(2698, 151, 10) 34.22075485536555
(2748, 201, 10) 34.46727451157816
(2798, 251, 10) 34.33103963908084
(2831, 1, 11) 34.42628329370441
(2881, 51, 11) 34.380719124493496
(2931, 101, 11) 34.446164116423205
(2981, 151, 11) 34.30008087969502
(3031, 201, 11) 34.467277593260214
(3081, 251, 11) 34.270349907933166
(3114, 1, 12) 34.32859757526574
(3164, 51, 12) 34.63855560342724
(3214, 101, 12) 34.5870047008001
(3264, 151, 12) 34.25058512045646
(3314, 201, 12) 34.477776955597136
(3364, 251, 12) 34.37362896727847
(3397, 1, 13) 34.53308860834316
(3447, 51, 13) 34.48685765037708
(3497, 101, 13) 34.400360652055745
(3547, 151, 13) 34.21053504342972
(3597, 201, 13) 34.549826467391135
(3647, 251, 13) 34.45261420507226
(3680, 1, 14) 34.53339539420693
(3730, 51, 14) 34.56433188131322
(3780, 101, 14) 34.493749267085285
(3830, 151, 14) 34.40512803288566
(3880, 201, 14) 34.68245966071595
(3930, 251, 14) 34.639533407951255
(3963, 1, 15) 34.60905972679003
(4013, 51, 15) 34.65206107541812
(4063, 101, 15) 34.50869352561799
(4113, 151, 15) 34.469430279859985
(4163, 201, 15) 34.77385552925199
(4213, 251, 15) 34.43514627484499
