(1, 1, 1) 23.645172993363133
(51, 51, 1) 29.225666792710186
(101, 101, 1) 31.224788866569746
(151, 151, 1) 31.405071554002976
(201, 201, 1) 24.694524568441242
(251, 251, 1) 19.186973994531787
(284, 1, 2) 20.5361782457347
(334, 51, 2) 21.56724515845388
(384, 101, 2) 20.74952643838523
(434, 151, 2) 22.82346827250292
(484, 201, 2) 24.847292200621563
(534, 251, 2) 30.35343146172529
(567, 1, 3) 31.33985942156517
(617, 51, 3) 33.835986432842844
(667, 101, 3) 33.89591479851072
(717, 151, 3) 33.668422512072475
(767, 201, 3) 34.06639650591236
(817, 251, 3) 33.471548751202
(850, 1, 4) 33.52907341698298
(900, 51, 4) 34.207138526368794
(950, 101, 4) 34.706667399914906
(1000, 151, 4) 33.35877353848641
(1050, 201, 4) 34.57997506704517
(1100, 251, 4) 34.57659597595622
(1133, 1, 5) 34.20020536396254
(1183, 51, 5) 34.14705271865395
(1233, 101, 5) 34.73569357531955
(1283, 151, 5) 34.49997005566126
(1333, 201, 5) 35.280164655314955
(1383, 251, 5) 35.30965561280468
(1416, 1, 6) 35.145556063006126
(1466, 51, 6) 35.52799069849428
(1516, 101, 6) 35.956050748404486
(1566, 151, 6) 35.25136130021007
(1616, 201, 6) 35.65590973397979
(1666, 251, 6) 35.73669400031075
(1699, 1, 7) 36.08697317913692
(1749, 51, 7) 35.897083183005215
(1799, 101, 7) 36.144374716004
(1849, 151, 7) 35.812286447473404
(1899, 201, 7) 36.25004576111969
(1949, 251, 7) 36.09757312184445
(1982, 1, 8) 36.187976042093986
(2032, 51, 8) 36.21523061911342
(2082, 101, 8) 36.51719412676718
(2132, 151, 8) 36.476475090392675
(2182, 201, 8) 36.43542597758367
(2232, 251, 8) 36.51496703015968
(2265, 1, 9) 36.75734997092467
(2315, 51, 9) 36.59331169223334
(2365, 101, 9) 36.50460957764076
(2415, 151, 9) 36.710839415254306
(2465, 201, 9) 36.34500442170741
(2515, 251, 9) 36.60064569395819
(2548, 1, 10) 36.769125537811625
(2598, 51, 10) 36.56473745809321
(2648, 101, 10) 36.72410632604775
(2698, 151, 10) 36.53213446086664
(2748, 201, 10) 36.78971020613739
(2798, 251, 10) 36.606777458648985
(2831, 1, 11) 36.7533943887524
(2881, 51, 11) 36.71554992736834
(2931, 101, 11) 36.87870450211394
(2981, 151, 11) 36.750930544108954
(3031, 201, 11) 36.890690905621035
(3081, 251, 11) 36.741780621775916
(3114, 1, 12) 36.737160691304744
(3164, 51, 12) 36.879192744849114
(3214, 101, 12) 37.10256283874764
(3264, 151, 12) 36.626033948521496
(3314, 201, 12) 36.84010516646942
(3364, 251, 12) 37.070295673485795
(3397, 1, 13) 37.34970926287698
(3447, 51, 13) 36.914222622325624
(3497, 101, 13) 36.9175681832714
(3547, 151, 13) 36.69682922563231
(3597, 201, 13) 37.38392416633006
(3647, 251, 13) 37.123058256946436
(3680, 1, 14) 37.24723770921622
(3730, 51, 14) 37.298700999541836
(3780, 101, 14) 37.068576027329755
(3830, 151, 14) 37.27675261450676
(3880, 201, 14) 37.23889997667008
(3930, 251, 14) 37.328015758877896
(3963, 1, 15) 37.65213311868252
(4013, 51, 15) 37.14485451102418
(4063, 101, 15) 37.338544906390005
(4113, 151, 15) 37.284749097511394
(4163, 201, 15) 37.71077016779344
(4213, 251, 15) 37.24676845338351
