(1, 1, 1) 63.726972276315166
(51, 51, 1) 64.62106911162007
(101, 101, 1) 64.79120470388435
(151, 151, 1) 64.63731380094022
(201, 201, 1) 63.56339845616213
(251, 251, 1) 62.81180178435144
(284, 1, 2) 62.81637362301827
(334, 51, 2) 62.94461473404771
(384, 101, 2) 62.804707233343834
(434, 151, 2) 63.04299050065878
(484, 201, 2) 63.28184671624195
(534, 251, 2) 64.07142229379413
(567, 1, 3) 64.20534261903441
(617, 51, 3) 64.58959072986012
(667, 101, 3) 64.5791658913339
(717, 151, 3) 64.36367612097489
(767, 201, 3) 64.48694975932399
(817, 251, 3) 64.35530201210915
(850, 1, 4) 64.30022769817988
(900, 51, 4) 64.26941095745704
(950, 101, 4) 64.4890925730393
(1000, 151, 4) 64.20462922306062
(1050, 201, 4) 64.33896648438925
(1100, 251, 4) 64.34093486890382
(1133, 1, 5) 64.28470353680483
(1183, 51, 5) 64.23209060395921
(1233, 101, 5) 64.29601002730917
(1283, 151, 5) 64.2137403045265
(1333, 201, 5) 64.40585201858889
(1383, 251, 5) 64.43456262554785
(1416, 1, 6) 64.32985219702547
(1466, 51, 6) 64.34114260548863
(1516, 101, 6) 64.35472972398847
(1566, 151, 6) 64.20141918135236
(1616, 201, 6) 64.37468282739835
(1666, 251, 6) 64.31510339893734
(1699, 1, 7) 64.36925362269996
(1749, 51, 7) 64.27787909222266
(1799, 101, 7) 64.2815260583836
(1849, 151, 7) 64.28914310433001
(1899, 201, 7) 64.33561548250516
(1949, 251, 7) 64.25681434019361
(1982, 1, 8) 64.33367987819707
(2032, 51, 8) 64.12797666771218
(2082, 101, 8) 64.2778389166342
(2132, 151, 8) 64.35273654132988
(2182, 201, 8) 64.31640257154143
(2232, 251, 8) 64.27515689150907
(2265, 1, 9) 64.27197211192798
(2315, 51, 9) 64.19802725544055
(2365, 101, 9) 64.11244208879758
(2415, 151, 9) 64.24546345338557
(2465, 201, 9) 63.86022332211127
(2515, 251, 9) 64.05361359154261
(2548, 1, 10) 63.9849509912058
(2598, 51, 10) 64.24545523864002
(2648, 101, 10) 64.08293259436904
(2698, 151, 10) 63.9779276715672
(2748, 201, 10) 64.07927193324959
(2798, 251, 10) 64.08898134325335
(2831, 1, 11) 64.03079242872128
(2881, 51, 11) 64.07485892503189
(2931, 101, 11) 63.98218712715512
(2981, 151, 11) 63.87154962259566
(3031, 201, 11) 63.98427726475197
(3081, 251, 11) 63.95268663698498
(3114, 1, 12) 63.893890938502054
(3164, 51, 12) 64.0789198433309
(3214, 101, 12) 63.990658278109926
(3264, 151, 12) 64.0949020316222
(3314, 201, 12) 64.02468076923255
(3364, 251, 12) 63.81477441402175
(3397, 1, 13) 63.992833750758635
(3447, 51, 13) 64.22373954173848
(3497, 101, 13) 63.92811606944095
(3547, 151, 13) 64.0838152968509
(3597, 201, 13) 63.981505289715024
(3647, 251, 13) 63.85918049729129
(3680, 1, 14) 64.06060252934202
(3730, 51, 14) 64.0341646099943
(3780, 101, 14) 64.09388102313184
(3830, 151, 14) 63.91551072719819
(3880, 201, 14) 64.28539670335327
(3930, 251, 14) 64.21100779663817
(3963, 1, 15) 64.17503433070047
(4013, 51, 15) 64.18228560773184
(4063, 101, 15) 63.940582471356485
(4113, 151, 15) 64.2071005273961
(4163, 201, 15) 64.04485004364781
(4213, 251, 15) 63.955786015426085
