(1, 1, 1) 18.875515656088957
(51, 51, 1) 37.581607684303826
(101, 101, 1) 42.613388888474546
(151, 151, 1) 30.651085538030948
(201, 201, 1) 16.523993845529002
(251, 251, 1) 15.14596218059572
(284, 1, 2) 16.898505449017627
(334, 51, 2) 16.359847989361107
(384, 101, 2) 15.768202000081754
(434, 151, 2) 17.300154598084326
(484, 201, 2) 20.0384433877555
(534, 251, 2) 27.81264198770577
(567, 1, 3) 28.67431276127802
(617, 51, 3) 34.40450010769432
(667, 101, 3) 33.094138612159476
(717, 151, 3) 31.107817914509823
(767, 201, 3) 33.23784314913078
(817, 251, 3) 32.78804062210565
(850, 1, 4) 34.49093887453872
(900, 51, 4) 35.29009792194752
(950, 101, 4) 36.08947187745245
(1000, 151, 4) 31.865889008656044
(1050, 201, 4) 34.4577003806512
(1100, 251, 4) 36.11794799584164
(1133, 1, 5) 34.582484026728295
(1183, 51, 5) 33.933836068807125
(1233, 101, 5) 34.09009939358504
(1283, 151, 5) 33.147862563500965
(1333, 201, 5) 36.62836542379353
(1383, 251, 5) 36.92551408442617
(1416, 1, 6) 37.52120866125957
(1466, 51, 6) 36.51721941531991
(1516, 101, 6) 37.414332428702
(1566, 151, 6) 36.25312228088198
(1616, 201, 6) 37.897854504411164
(1666, 251, 6) 38.09623713419331
(1699, 1, 7) 39.57383836688712
(1749, 51, 7) 39.41680548656993
(1799, 101, 7) 38.24117081980393
(1849, 151, 7) 39.09115275011194
(1899, 201, 7) 39.883768649409916
(1949, 251, 7) 39.93683126766967
(1982, 1, 8) 39.16626404914145
(2032, 51, 8) 39.976315819495845
(2082, 101, 8) 39.008379786676464
(2132, 151, 8) 41.56810091473867
(2182, 201, 8) 40.48004454384181
(2232, 251, 8) 41.215084217468686
(2265, 1, 9) 42.49366212244499
(2315, 51, 9) 41.619345126864516
(2365, 101, 9) 38.758743012787754
(2415, 151, 9) 42.20733721117194
(2465, 201, 9) 40.17609800522192
(2515, 251, 9) 40.60998846563683
(2548, 1, 10) 42.344659402832114
(2598, 51, 10) 42.69193808773605
(2648, 101, 10) 41.51796512912571
(2698, 151, 10) 40.766078972964856
(2748, 201, 10) 40.65152657726573
(2798, 251, 10) 41.37658507727065
(2831, 1, 11) 42.222412623464
(2881, 51, 11) 41.82901406827716
(2931, 101, 11) 41.712446295247794
(2981, 151, 11) 40.22882811469066
(3031, 201, 11) 41.75860747363042
(3081, 251, 11) 41.77024606268035
(3114, 1, 12) 41.36812828519654
(3164, 51, 12) 42.732270320315486
(3214, 101, 12) 41.98876027516391
(3264, 151, 12) 40.245861933078686
(3314, 201, 12) 42.29048128231153
(3364, 251, 12) 42.354051750126324
(3397, 1, 13) 42.050215208074476
(3447, 51, 13) 43.47912426666773
(3497, 101, 13) 42.42272806785302
(3547, 151, 13) 40.298154970906985
(3597, 201, 13) 42.54503281643778
(3647, 251, 13) 43.085842048963094
(3680, 1, 14) 43.64585939943428
(3730, 51, 14) 43.56128150326564
(3780, 101, 14) 42.69513809024663
(3830, 151, 14) 41.77312621782833
(3880, 201, 14) 43.513282420107316
(3930, 251, 14) 42.881938062701934
(3963, 1, 15) 43.76606161711299
(4013, 51, 15) 43.25657376430646
(4063, 101, 15) 42.19477974545689
(4113, 151, 15) 42.86615671012709
(4163, 201, 15) 43.42471674305883
(4213, 251, 15) 43.05618056482832
