(1, 1, 1) 3.8196339682069387
(51, 51, 1) 60.653065971263366
(101, 101, 1) 5.238175486796818
(151, 151, 1) 5.238175486796818
(201, 201, 1) 6.745485565867664
(251, 251, 1) 7.575731225158959
(301, 301, 1) 7.289334177359764
(351, 351, 1) 10.132393619864414
(401, 401, 1) 40.72970258478199
(451, 451, 1) 13.92908359945467
(501, 501, 1) 8.843738373737478
(551, 551, 1) 14.540553863018058
(601, 601, 1) 8.668528067348735
(651, 651, 1) 9.429254736980939
(701, 701, 1) 12.6254971485354
(751, 751, 1) 8.323387063085923
(801, 801, 1) 8.089289835613526
(851, 851, 1) 33.38497304403145
(901, 901, 1) 29.071536848410954
(904, 1, 2) 27.301208627090666
(954, 51, 2) 11.856660123275999
(1004, 101, 2) 9.25616734554404
(1054, 151, 2) 29.153692299445236
(1104, 201, 2) 9.429254736980939
(1154, 251, 2) 22.61240619972918
(1204, 301, 2) 10.713701843513144
(1254, 351, 2) 10.435185733665413
(1304, 401, 2) 9.343913337797426
(1354, 451, 2) 9.196253729499407
(1404, 501, 2) 27.277852280427457
(1454, 551, 2) 47.89736254435747
(1504, 601, 2) 22.15201577762452
(1554, 651, 2) 20.46592065585361
(1604, 701, 2) 9.711034549381937
(1654, 751, 2) 8.774910275945945
(1704, 801, 2) 8.774910275945945
(1754, 851, 2) 31.181814978096547
(1804, 901, 2) 27.151607333166954
(1807, 1, 3) 27.84899880299974
(1857, 51, 3) 12.122807795590202
(1907, 101, 3) 11.842519775970448
(1957, 151, 3) 9.593303282549615
(2007, 201, 3) 9.119675426861836
(2057, 251, 3) 9.314939614341396
(2107, 301, 3) 9.539557172041999
(2157, 351, 3) 9.593303282549615
(2207, 401, 3) 9.84934946888872
(2257, 451, 3) 9.196253729499407
(2307, 501, 3) 8.894324259496543
(2357, 551, 3) 11.077392465195485
(2407, 601, 3) 11.408424519986967
(2457, 651, 3) 13.394116548614244
(2507, 701, 3) 22.37467707748559
(2557, 751, 3) 10.936250366491008
(2607, 801, 3) 9.711034549381937
(2657, 851, 3) 8.558078406207954
(2707, 901, 3) 11.408424519986967
(2710, 1, 4) 12.625497148535395
(2760, 51, 4) 8.944061468921197
(2810, 101, 4) 24.669426816409512
(2860, 151, 4) 20.15807475394783
(2910, 201, 4) 11.077392465195485
(2960, 251, 4) 21.270024173913487
(3010, 301, 4) 12.554763289199048
(3060, 351, 4) 11.263064591220179
(3110, 401, 4) 11.712916466550734
(3160, 451, 4) 31.573558123189937
(3210, 501, 4) 7.832899330004494
(3260, 551, 4) 9.343913337797426
(3310, 601, 4) 10.78942176172376
(3360, 651, 4) 8.944061468921197
(3410, 701, 4) 9.471070639528087
(3460, 751, 4) 9.343913337797426
(3510, 801, 4) 22.993054008497452
(3560, 851, 4) 11.563676867318927
(3610, 901, 4) 9.196253729499407
(3613, 1, 5) 8.774910275945945
(3663, 51, 5) 9.21134197338475
(3713, 101, 5) 11.111848223277528
(3763, 151, 5) 20.973425791310696
(3813, 201, 5) 10.63634153586277
(3863, 251, 5) 22.37467707748559
(3913, 301, 5) 8.323387063085923
(3963, 351, 5) 8.323387063085923
(4013, 401, 5) 11.077392465195485
(4063, 451, 5) 8.894324259496543
(4113, 501, 5) 7.707532488755378
(4163, 551, 5) 8.668528067348735
(4213, 601, 5) 8.443178813590508
(4263, 651, 5) 8.52029347288359
(4313, 701, 5) 20.46592065585361
(4363, 751, 5) 9.343913337797426
(4413, 801, 5) 20.97796402067751
(4463, 851, 5) 9.723854424880784
(4513, 901, 5) 8.650411922223508
(4516, 1, 6) 8.650411922223508
(4566, 51, 6) 8.774910275945945
(4616, 101, 6) 8.894324259496543
(4666, 151, 6) 8.650411922223508
(4716, 201, 6) 9.072786082093923
(4766, 251, 6) 9.072786082093923
(4816, 301, 6) 11.683523721805296
(4866, 351, 6) 22.30857686616157
(4916, 401, 6) 18.89973050560634
(4966, 451, 6) 20.563448477496635
(5016, 501, 6) 8.774910275945945
(5066, 551, 6) 9.343913337797426
(5116, 601, 6) 22.903994926135105
(5166, 651, 6) 22.089591134157878
(5216, 701, 6) 12.6254971485354
(5266, 751, 6) 20.46592065585361
(5316, 801, 6) 20.46592065585361
(5366, 851, 6) 8.774910275945945
(5416, 901, 6) 11.263064591220179
(5419, 1, 7) 22.93784819843181
(5469, 51, 7) 21.797469124036954
(5519, 101, 7) 8.894324259496543
(5569, 151, 7) 8.650411922223508
(5619, 201, 7) 8.323387063085923
(5669, 251, 7) 20.82883818397302
(5719, 301, 7) 11.548431380162247
(5769, 351, 7) 8.176754328331226
(5819, 401, 7) 8.323387063085923
(5869, 451, 7) 8.944061468921197
(5919, 501, 7) 22.903994926135105
(5969, 551, 7) 8.944061468921197
(6019, 601, 7) 11.563676867318927
(6069, 651, 7) 9.84934946888872
(6119, 701, 7) 19.18660656509924
(6169, 751, 7) 21.992062963866637
(6219, 801, 7) 9.343913337797426
(6269, 851, 7) 19.18660656509924
(6319, 901, 7) 9.471070639528087
