(1, 1, 1) 3.2330987679844596
(51, 51, 1) 1.8093941760904224
(101, 101, 1) 4.30131416089669
(151, 151, 1) 1.8106842641710557
(201, 201, 1) 1.8629836371794555
(251, 251, 1) 10.21683999314557
(301, 301, 1) 9.50331951827869
(351, 351, 1) 6.002620442438412
(401, 401, 1) 12.227490426726416
(451, 451, 1) 10.485011300025217
(501, 501, 1) 8.688206321038672
(551, 551, 1) 11.849907279533427
(601, 601, 1) 10.665307254579705
(651, 651, 1) 12.162479949330049
(701, 701, 1) 12.01961813105855
(751, 751, 1) 11.775151244905546
(801, 801, 1) 11.172792683892832
(851, 851, 1) 12.954323153389687
(901, 901, 1) 12.62354580320375
(904, 1, 2) 13.610633003966315
(954, 51, 2) 12.848891968021105
(1004, 101, 2) 12.143757537124978
(1054, 151, 2) 14.540323297548541
(1104, 201, 2) 11.547754994020732
(1154, 251, 2) 13.947706804670199
(1204, 301, 2) 13.544835250660805
(1254, 351, 2) 14.089423541702645
(1304, 401, 2) 13.398134000911156
(1354, 451, 2) 13.717978338579968
(1404, 501, 2) 14.645396083913315
(1454, 551, 2) 14.66323857910845
(1504, 601, 2) 15.870793377340762
(1554, 651, 2) 16.743810720776715
(1604, 701, 2) 14.262462031800037
(1654, 751, 2) 17.128364583880128
(1704, 801, 2) 16.72952771903107
(1754, 851, 2) 17.03827056084642
(1804, 901, 2) 17.383590021492193
(1807, 1, 3) 17.571717666764357
(1857, 51, 3) 18.437539107685097
(1907, 101, 3) 17.906760150420407
(1957, 151, 3) 18.50967684456969
(2007, 201, 3) 16.49764151788391
(2057, 251, 3) 17.105640714418357
(2107, 301, 3) 16.75591706934132
(2157, 351, 3) 19.49402470201436
(2207, 401, 3) 19.7936566200393
(2257, 451, 3) 17.93025870872037
(2307, 501, 3) 19.823015639257065
(2357, 551, 3) 19.70487526897499
(2407, 601, 3) 19.5990398104304
(2457, 651, 3) 20.968019192947818
(2507, 701, 3) 21.130008353002317
(2557, 751, 3) 22.052010699908028
(2607, 801, 3) 21.29796916739618
(2657, 851, 3) 22.978154805315125
(2707, 901, 3) 23.87614700498068
(2710, 1, 4) 23.19427225579873
(2760, 51, 4) 24.112529210340067
(2810, 101, 4) 24.759254863472126
(2860, 151, 4) 25.315550837870656
(2910, 201, 4) 21.605415878013922
(2960, 251, 4) 24.147148982394786
(3010, 301, 4) 24.22299322886027
(3060, 351, 4) 23.25546780229331
(3110, 401, 4) 23.10249190706044
(3160, 451, 4) 23.923130234073348
(3210, 501, 4) 24.967277987983778
(3260, 551, 4) 24.30529170881777
(3310, 601, 4) 26.25169705073958
(3360, 651, 4) 25.433316571109547
(3410, 701, 4) 27.21950808371098
(3460, 751, 4) 23.46369119481961
(3510, 801, 4) 25.643766273390163
(3560, 851, 4) 27.156542062430795
(3610, 901, 4) 25.918324545020358
(3613, 1, 5) 25.707424627037337
(3663, 51, 5) 26.15753177355815
(3713, 101, 5) 28.33103013263109
(3763, 151, 5) 27.942939623127018
(3813, 201, 5) 27.2971554088088
(3863, 251, 5) 30.517192328637258
(3913, 301, 5) 27.80561181912389
(3963, 351, 5) 29.281683453443442
(4013, 401, 5) 29.961278012543456
(4063, 451, 5) 28.735539961078523
(4113, 501, 5) 30.171302273674783
(4163, 551, 5) 30.44663194141417
(4213, 601, 5) 30.49907980557993
(4263, 651, 5) 30.68943660143492
(4313, 701, 5) 30.93988650108695
(4363, 751, 5) 30.18077408156941
(4413, 801, 5) 30.253372137248395
(4463, 851, 5) 32.4374668499716
(4513, 901, 5) 31.138690078243147
(4516, 1, 6) 30.779778043706788
(4566, 51, 6) 32.58008328914489
(4616, 101, 6) 30.14920733726434
(4666, 151, 6) 28.5960869601769
(4716, 201, 6) 31.3032856161747
(4766, 251, 6) 33.70524643965188
(4816, 301, 6) 31.18039297926108
(4866, 351, 6) 30.552465702976935
(4916, 401, 6) 33.27119156308607
(4966, 451, 6) 32.84067781672932
(5016, 501, 6) 32.88471861656179
(5066, 551, 6) 33.85380865526137
(5116, 601, 6) 33.4570323498244
(5166, 651, 6) 33.531029299009916
(5216, 701, 6) 33.80468747769729
(5266, 751, 6) 32.553291079040264
(5316, 801, 6) 33.700320879529734
(5366, 851, 6) 32.809997314081045
(5416, 901, 6) 33.73662470302054
(5419, 1, 7) 33.33410757858981
(5469, 51, 7) 33.546945194229984
(5519, 101, 7) 35.15474029639044
(5569, 151, 7) 33.7638706939529
(5619, 201, 7) 31.555465157132772
(5669, 251, 7) 34.3533405033336
(5719, 301, 7) 32.61246383081025
(5769, 351, 7) 32.916789707339845
(5819, 401, 7) 34.46088847492578
(5869, 451, 7) 31.958380878426972
(5919, 501, 7) 35.999715773658885
(5969, 551, 7) 36.275124118455615
(6019, 601, 7) 35.6793110999437
(6069, 651, 7) 35.66362166740318
(6119, 701, 7) 34.622222128433286
(6169, 751, 7) 34.942371428782316
(6219, 801, 7) 35.049261885441155
(6269, 851, 7) 35.68005293386621
(6319, 901, 7) 34.15433145066638
