(1, 1, 1) 15.930502239140171
(51, 51, 1) 0
(101, 101, 1) 4.190675380690639
(151, 151, 1) 5.026265370843991
(201, 201, 1) 5.052612781140493
(251, 251, 1) 3.662930791563486
(301, 301, 1) 4.590586000423812
(351, 351, 1) 4.059932122621429
(401, 401, 1) 4.324374333546597
(451, 451, 1) 2.997541604788953
(501, 501, 1) 4.668267611874171
(551, 551, 1) 2.3006728969980976
(601, 601, 1) 2.1281208612901814
(651, 651, 1) 1.4512004292526974
(701, 701, 1) 1.6726100130489598
(751, 751, 1) 2.1291741139934253
(801, 801, 1) 2.309391943536454
(851, 851, 1) 1.130570742271253
(901, 901, 1) 0.9599478397599839
(904, 1, 2) 0.6261747263768385
(954, 51, 2) 1.1843090649206935
(1004, 101, 2) 0.9820207956600377
(1054, 151, 2) 0.3513729763387303
(1104, 201, 2) 2.1233015859365487
(1154, 251, 2) 0.4629171136031225
(1204, 301, 2) 1.9030645081548485
(1254, 351, 2) 0.8342570788528825
(1304, 401, 2) 2.1506264660125503
(1354, 451, 2) 1.369861016176806
(1404, 501, 2) 1.276457055214724
(1454, 551, 2) 1.286936391455047
(1504, 601, 2) 1.1584848767402356
(1554, 651, 2) 0.914438759262012
(1604, 701, 2) 1.7798284487299796
(1654, 751, 2) 1.1750028196118087
(1704, 801, 2) 0.9720463371533192
(1754, 851, 2) 1.4077860120426102
(1804, 901, 2) 1.1451594135278818
(1807, 1, 3) 1.1717925617884326
(1857, 51, 3) 0.7206090117325274
(1907, 101, 3) 0.8380772544618615
(1957, 151, 3) 1.16005727793436
(2007, 201, 3) 1.7526233551459178
(2057, 251, 3) 1.3028274328928795
(2107, 301, 3) 1.8039696200375737
(2157, 351, 3) 0.39607440237343994
(2207, 401, 3) 1.4224627964540737
(2257, 451, 3) 2.2174610035186895
(2307, 501, 3) 1.6355909533279025
(2357, 551, 3) 1.6213937097586175
(2407, 601, 3) 1.5938830429167297
(2457, 651, 3) 1.599748614172178
(2507, 701, 3) 1.4038562049337742
(2557, 751, 3) 1.3466824146981615
(2607, 801, 3) 2.069621729787105
(2657, 851, 3) 1.4731323941758738
(2707, 901, 3) 1.6048027502313893
(2710, 1, 4) 2.1667243310692967
(2760, 51, 4) 1.1090692640692659
(2810, 101, 4) 1.0784100071679603
(2860, 151, 4) 1.0803495254258841
(2910, 201, 4) 1.6926090376715344
(2960, 251, 4) 0.8902533304214906
(3010, 301, 4) 1.6593892867785662
(3060, 351, 4) 1.928390434317432
(3110, 401, 4) 2.1053118643479465
(3160, 451, 4) 2.0016740261856008
(3210, 501, 4) 2.239853217334666
(3260, 551, 4) 2.3022226609563745
(3310, 601, 4) 1.5999752074653095
(3360, 651, 4) 1.9815976887740483
(3410, 701, 4) 1.4542933333333323
(3460, 751, 4) 2.3373904302159048
(3510, 801, 4) 1.8421191492187923
(3560, 851, 4) 2.2544374693884315
(3610, 901, 4) 2.0585408307162005
(3613, 1, 5) 2.5505377750607074
(3663, 51, 5) 2.219136687424399
(3713, 101, 5) 1.9707744767738653
(3763, 151, 5) 2.085775182358649
(3813, 201, 5) 2.0411107018351657
(3863, 251, 5) 1.5483340282051792
(3913, 301, 5) 2.145608494501328
(3963, 351, 5) 1.8722147795951862
(4013, 401, 5) 1.7411527444653458
(4063, 451, 5) 2.0407732534422927
(4113, 501, 5) 2.372112320191956
(4163, 551, 5) 2.2642796909542575
(4213, 601, 5) 2.0286017351526695
(4263, 651, 5) 2.328339478735227
(4313, 701, 5) 1.8336110993612813
(4363, 751, 5) 2.5470211203193003
(4413, 801, 5) 2.239889942130862
(4463, 851, 5) 1.9905693135109708
(4513, 901, 5) 2.2033484226039555
(4516, 1, 6) 1.9925008619698907
(4566, 51, 6) 1.7605951391774006
(4616, 101, 6) 2.5909227810532762
(4666, 151, 6) 2.930716015126009
(4716, 201, 6) 2.1061500223207545
(4766, 251, 6) 1.9803161130561016
(4816, 301, 6) 2.7458561915450836
(4866, 351, 6) 1.987269955171815
(4916, 401, 6) 1.9149508063533354
(4966, 451, 6) 1.9887910969448406
(5016, 501, 6) 2.535171253257815
(5066, 551, 6) 1.9017631684760765
(5116, 601, 6) 1.7743498894165661
(5166, 651, 6) 2.1489123474084444
(5216, 701, 6) 1.8624966862139551
(5266, 751, 6) 2.3703838120501217
(5316, 801, 6) 2.4784842622231373
(5366, 851, 6) 2.3389739583333338
(5416, 901, 6) 2.1512236826191717
(5419, 1, 7) 2.1940626602823947
(5469, 51, 7) 2.0952013093289708
(5519, 101, 7) 1.4405428286852597
(5569, 151, 7) 1.9612949325368234
(5619, 201, 7) 2.1307976336255763
(5669, 251, 7) 1.7009709353826992
(5719, 301, 7) 2.6326404133404075
(5769, 351, 7) 2.5370850017526827
(5819, 401, 7) 2.187507248959786
(5869, 451, 7) 2.60341947392709
(5919, 501, 7) 1.810213586881634
(5969, 551, 7) 2.2512924225091275
(6019, 601, 7) 1.9523834745762727
(6069, 651, 7) 2.4710052910052944
(6119, 701, 7) 2.4056304265826007
(6169, 751, 7) 2.2948933907659175
(6219, 801, 7) 2.1804325833350653
(6269, 851, 7) 2.1163393880918413
(6319, 901, 7) 2.8118615426404396
