(1, 1, 1) 22.101255509361295
(51, 51, 1) 17.0091489299694
(101, 101, 1) 14.816866753709055
(151, 151, 1) 15.39731700850254
(201, 201, 1) 16.225944325862898
(251, 251, 1) 16.023312970540715
(301, 301, 1) 16.03348554554247
(351, 351, 1) 16.419348737797897
(401, 401, 1) 16.443990887307223
(451, 451, 1) 16.63492635450048
(501, 501, 1) 16.47478526707941
(551, 551, 1) 16.47585568113809
(601, 601, 1) 16.465378202107196
(651, 651, 1) 16.563119062069944
(701, 701, 1) 16.28001166911485
(751, 751, 1) 16.779772163702134
(801, 801, 1) 16.58893384758806
(851, 851, 1) 16.529988061071926
(901, 901, 1) 16.40470544460452
(904, 1, 2) 16.607544445600034
(954, 51, 2) 16.3935734488335
(1004, 101, 2) 16.780542740648222
(1054, 151, 2) 16.343339836213588
(1104, 201, 2) 16.32864465628733
(1154, 251, 2) 16.46600097129412
(1204, 301, 2) 16.60891395740313
(1254, 351, 2) 16.121194861675868
(1304, 401, 2) 16.384419597021243
(1354, 451, 2) 16.603925109185624
(1404, 501, 2) 16.73054080696614
(1454, 551, 2) 16.26960226585407
(1504, 601, 2) 16.713363846041368
(1554, 651, 2) 16.559222463934027
(1604, 701, 2) 16.567912999304603
(1654, 751, 2) 16.5639962298863
(1704, 801, 2) 16.505088564782294
(1754, 851, 2) 16.588562866537004
(1804, 901, 2) 16.708749364059003
(1807, 1, 3) 16.623565991147082
(1857, 51, 3) 16.223015842566063
(1907, 101, 3) 16.53422568270654
(1957, 151, 3) 16.508275257810467
(2007, 201, 3) 16.23307288508041
(2057, 251, 3) 16.558652921844683
(2107, 301, 3) 16.596565621112823
(2157, 351, 3) 16.59777121401605
(2207, 401, 3) 16.481597637341697
(2257, 451, 3) 16.655737775332973
(2307, 501, 3) 16.510905400732376
(2357, 551, 3) 16.41972362278082
(2407, 601, 3) 16.614920544218585
(2457, 651, 3) 16.735520531213197
(2507, 701, 3) 16.546024734109796
(2557, 751, 3) 16.599918171336213
(2607, 801, 3) 16.583221741318326
(2657, 851, 3) 16.343042318729353
(2707, 901, 3) 16.524680750598684
(2710, 1, 4) 16.531749867616952
(2760, 51, 4) 16.052584800405448
(2810, 101, 4) 16.335589769334625
(2860, 151, 4) 16.376047790687455
(2910, 201, 4) 16.498338053796378
(2960, 251, 4) 16.257704118180992
(3010, 301, 4) 16.250470034786957
(3060, 351, 4) 16.404286665333753
(3110, 401, 4) 16.508171845460982
(3160, 451, 4) 16.354012155822197
(3210, 501, 4) 16.215447332577877
(3260, 551, 4) 16.35692786571529
(3310, 601, 4) 16.377664103194284
(3360, 651, 4) 16.07249761228008
(3410, 701, 4) 16.344225649236623
(3460, 751, 4) 16.824352150465025
(3510, 801, 4) 16.839629084312605
(3560, 851, 4) 16.763739791219912
(3610, 901, 4) 16.382577653763654
(3613, 1, 5) 16.569007740452534
(3663, 51, 5) 16.32579993184574
(3713, 101, 5) 16.257803990870883
(3763, 151, 5) 16.6466858317759
(3813, 201, 5) 16.660788562639617
(3863, 251, 5) 16.90184664052468
(3913, 301, 5) 16.747167643396555
(3963, 351, 5) 16.35906371193236
(4013, 401, 5) 16.757525274201008
(4063, 451, 5) 16.620919366171634
(4113, 501, 5) 16.458054735577434
(4163, 551, 5) 16.85032878156834
(4213, 601, 5) 16.757021387288468
(4263, 651, 5) 16.48552618070597
(4313, 701, 5) 16.613626355824493
(4363, 751, 5) 16.731105879132173
(4413, 801, 5) 16.814236863077905
(4463, 851, 5) 16.477641568595892
(4513, 901, 5) 16.441458101087974
(4516, 1, 6) 16.317674440543666
(4566, 51, 6) 16.462082152670856
(4616, 101, 6) 16.698187859708227
(4666, 151, 6) 16.83772170911579
(4716, 201, 6) 16.393252722132743
(4766, 251, 6) 16.92634388211276
(4816, 301, 6) 16.69290646778687
(4866, 351, 6) 16.43597125266548
(4916, 401, 6) 17.06922801841634
(4966, 451, 6) 16.444598056168658
(5016, 501, 6) 16.136821885766114
(5066, 551, 6) 16.134781287521445
(5116, 601, 6) 16.72106683088248
(5166, 651, 6) 16.555783935409025
(5216, 701, 6) 16.497675367858754
(5266, 751, 6) 16.760755855496505
(5316, 801, 6) 16.87801801971277
(5366, 851, 6) 16.88733233767871
(5416, 901, 6) 16.93968855482904
(5419, 1, 7) 16.894898540659824
(5469, 51, 7) 16.687875321029246
(5519, 101, 7) 16.71262402096629
(5569, 151, 7) 16.844043618122804
(5619, 201, 7) 16.829026775936835
(5669, 251, 7) 16.619553126935163
(5719, 301, 7) 16.589686003229826
(5769, 351, 7) 16.55538600830249
(5819, 401, 7) 16.70659487173272
(5869, 451, 7) 16.708922235811947
(5919, 501, 7) 16.452865323692812
(5969, 551, 7) 16.512275401242533
(6019, 601, 7) 16.580858687354603
(6069, 651, 7) 16.833389950904724
(6119, 701, 7) 16.69408867426985
(6169, 751, 7) 16.700675589808625
(6219, 801, 7) 17.0380870556224
(6269, 851, 7) 16.841677235286788
(6319, 901, 7) 16.71447626676313
