(1, 1, 1) 11.077493016181995
(21, 21, 1) 8.834811236959876
(41, 41, 1) 7.19460673657066
(61, 61, 1) 7.08639795085777
(81, 81, 1) 7.02520112246668
(101, 101, 1) 6.991082436988064
(121, 121, 1) 6.922411152350742
(141, 141, 1) 6.851652448795352
(161, 161, 1) 6.763901685669175
(181, 181, 1) 6.673536056285959
(201, 201, 1) 6.696434634433511
(221, 221, 1) 6.572573029385917
(241, 241, 1) 6.511959764736906
(261, 261, 1) 6.5059136387694165
(281, 281, 1) 6.415402382430497
(301, 301, 1) 6.4183263363672705
(321, 321, 1) 6.387939617149333
(341, 341, 1) 6.302324205038467
(361, 361, 1) 6.294074448955667
(381, 381, 1) 6.2176314900457585
(401, 401, 1) 6.234953626540883
(421, 421, 1) 6.196099270632273
(441, 441, 1) 6.146983168315696
(461, 461, 1) 6.147916621438454
(481, 481, 1) 6.088114544355376
(501, 501, 1) 6.059017995888308
(521, 521, 1) 6.061715211835914
(541, 541, 1) 6.074684073075609
(561, 561, 1) 6.02146600744141
(581, 581, 1) 5.992176177918455
(601, 601, 1) 5.940682520343068
(621, 621, 1) 5.878253270393344
(641, 641, 1) 5.885869278176802
(661, 661, 1) 5.895933080399523
(681, 681, 1) 5.822383428286958
(701, 701, 1) 5.762396047282163
(721, 721, 1) 5.760222074898258
(741, 741, 1) 5.772668052301762
(761, 761, 1) 5.745323625803863
(781, 781, 1) 5.720436567928784
(801, 801, 1) 5.675961584712024
(821, 821, 1) 5.687451805208589
(841, 841, 1) 5.721575624949618
(861, 861, 1) 5.6809286610513245
(881, 881, 1) 5.6611014077362665
(901, 901, 1) 5.606280088359645
(904, 1, 2) 5.6058916652657595
(924, 21, 2) 5.479377753479621
(944, 41, 2) 5.444739306305402
(964, 61, 2) 5.3915483951805685
(984, 81, 2) 5.356240786455175
(1004, 101, 2) 5.366125414461494
(1024, 121, 2) 5.317744022128784
(1044, 141, 2) 5.329357134629587
(1064, 161, 2) 5.344070352489062
(1084, 181, 2) 5.259751653306507
(1104, 201, 2) 5.314925350353001
(1124, 221, 2) 5.233965822885482
(1144, 241, 2) 5.221411103047653
(1164, 261, 2) 5.235598610314874
(1184, 281, 2) 5.175392598225731
(1204, 301, 2) 5.194939839965914
(1224, 321, 2) 5.177398632620587
(1244, 341, 2) 5.111462264727014
(1264, 361, 2) 5.12848431632624
(1284, 381, 2) 5.082841960324618
(1304, 401, 2) 5.084741721315571
(1324, 421, 2) 5.092905958387812
(1344, 441, 2) 5.047209016260399
(1364, 461, 2) 5.038569676439295
(1384, 481, 2) 4.966616671841361
(1404, 501, 2) 4.9887263582118075
(1424, 521, 2) 5.007177135245759
(1444, 541, 2) 5.001490863604373
(1464, 561, 2) 4.968822068782664
(1484, 581, 2) 4.955455535396884
(1504, 601, 2) 4.908064383713546
(1524, 621, 2) 4.848796687963797
(1544, 641, 2) 4.858721094535731
(1564, 661, 2) 4.881547711640094
(1584, 681, 2) 4.823534435843014
(1604, 701, 2) 4.7478437934122315
(1624, 721, 2) 4.755203049441332
(1644, 741, 2) 4.795358242510279
(1664, 761, 2) 4.782434096211888
(1684, 781, 2) 4.748954685193267
(1704, 801, 2) 4.70114937383698
(1724, 821, 2) 4.734523102125806
(1744, 841, 2) 4.77325760725971
(1764, 861, 2) 4.718219752314979
(1784, 881, 2) 4.736097327646653
(1804, 901, 2) 4.697119230753676
(1807, 1, 3) 4.697780895323734
(1827, 21, 3) 4.607967177607189
(1847, 41, 3) 4.599202435608508
(1867, 61, 3) 4.555733930306781
(1887, 81, 3) 4.513704025230946
(1907, 101, 3) 4.529914952307886
(1927, 121, 3) 4.4873594756709725
(1947, 141, 3) 4.504554471565589
(1967, 161, 3) 4.492962284262756
(1987, 181, 3) 4.447957545423432
(2007, 201, 3) 4.47573971844477
(2027, 221, 3) 4.41604384567384
(2047, 241, 3) 4.375563337112712
(2067, 261, 3) 4.446017693199095
(2087, 281, 3) 4.368577049739986
(2107, 301, 3) 4.354311281469668
(2127, 321, 3) 4.354800475067899
(2147, 341, 3) 4.2918708306398425
(2167, 361, 3) 4.322789099189383
(2187, 381, 3) 4.2635723520098745
(2207, 401, 3) 4.292407024051462
(2227, 421, 3) 4.288162983998966
(2247, 441, 3) 4.274965004921046
(2267, 461, 3) 4.231842640251191
(2287, 481, 3) 4.164112544356149
(2307, 501, 3) 4.217128765767521
(2327, 521, 3) 4.2031028273667586
(2347, 541, 3) 4.228670093583244
(2367, 561, 3) 4.2005073690294354
(2387, 581, 3) 4.168330803926196
(2407, 601, 3) 4.105858365952973
(2427, 621, 3) 4.096748051729815
(2447, 641, 3) 4.06522130075315
(2467, 661, 3) 4.106011961687653
(2487, 681, 3) 4.043700183604167
(2507, 701, 3) 3.954508244604947
(2527, 721, 3) 3.965861641787973
(2547, 741, 3) 4.025774045435245
(2567, 761, 3) 4.01953833899657
(2587, 781, 3) 3.969224407077303
(2607, 801, 3) 3.923346105392188
(2627, 821, 3) 3.974170267289005
(2647, 841, 3) 3.998740882464356
(2667, 861, 3) 3.9250926363817085
(2687, 881, 3) 3.9479502118495615
(2707, 901, 3) 3.9453244661384383
(2710, 1, 4) 3.973670462794335
(2730, 21, 4) 3.8517014059939108
(2750, 41, 4) 3.861327426570921
(2770, 61, 4) 3.799733939307086
(2790, 81, 4) 3.7625570628752585
(2810, 101, 4) 3.8120599786023854
(2830, 121, 4) 3.7210789124289905
(2850, 141, 4) 3.746092324805408
(2870, 161, 4) 3.756225751127457
(2890, 181, 4) 3.735764035708607
(2910, 201, 4) 3.779258680900638
(2930, 221, 4) 3.694739525088584
(2950, 241, 4) 3.675179792403906
(2970, 261, 4) 3.746720538947721
(2990, 281, 4) 3.6639878535775003
(3010, 301, 4) 3.655196829454406
(3030, 321, 4) 3.6596129487714384
(3050, 341, 4) 3.584833411619205
(3070, 361, 4) 3.6333798115990397
(3090, 381, 4) 3.572506923324908
(3110, 401, 4) 3.6244822055732384
(3130, 421, 4) 3.592872705582201
(3150, 441, 4) 3.576881656709035
(3170, 461, 4) 3.5595071005797614
(3190, 481, 4) 3.503203457573207
(3210, 501, 4) 3.552324925881326
(3230, 521, 4) 3.5347835521306727
(3250, 541, 4) 3.575518879274192
(3270, 561, 4) 3.5390619229185036
(3290, 581, 4) 3.518866054547069
(3310, 601, 4) 3.4593331963449794
(3330, 621, 4) 3.4311059791953995
(3350, 641, 4) 3.4318363510739784
(3370, 661, 4) 3.4457880177098064
(3390, 681, 4) 3.3889644214212873
(3410, 701, 4) 3.3431836718925583
(3430, 721, 4) 3.338122907368587
(3450, 741, 4) 3.424369797068002
(3470, 761, 4) 3.386771980597279
(3490, 781, 4) 3.3594568479581897
(3510, 801, 4) 3.311341759858979
(3530, 821, 4) 3.374045905142322
(3550, 841, 4) 3.376467174637361
(3570, 861, 4) 3.2888533792788657
(3590, 881, 4) 3.3376535216779915
(3610, 901, 4) 3.3685410608198607
(3613, 1, 5) 3.4685713115016696
(3633, 21, 5) 3.238959630853491
(3653, 41, 5) 3.25918981931803
(3673, 61, 5) 3.201151422906156
(3693, 81, 5) 3.1922155145627236
(3713, 101, 5) 3.263403724816264
(3733, 121, 5) 3.131143955681714
(3753, 141, 5) 3.1740479237624335
(3773, 161, 5) 3.1833710468505494
(3793, 181, 5) 3.1696718322096884
(3813, 201, 5) 3.2290887498696925
(3833, 221, 5) 3.1295639065014096
(3853, 241, 5) 3.0945803594219976
(3873, 261, 5) 3.18686779271357
(3893, 281, 5) 3.1400195187497184
(3913, 301, 5) 3.1340367799496476
(3933, 321, 5) 3.1286176655536395
(3953, 341, 5) 3.0623627086820115
(3973, 361, 5) 3.1233609480025377
(3993, 381, 5) 3.0445416895236055
(4013, 401, 5) 3.109712279007705
(4033, 421, 5) 3.055563078588981
(4053, 441, 5) 3.045956662308959
(4073, 461, 5) 3.049443873096487
(4093, 481, 5) 2.9746825850265273
(4113, 501, 5) 3.071115057509741
(4133, 521, 5) 3.0331093150979656
(4153, 541, 5) 3.042782790348382
(4173, 561, 5) 3.0137551275899446
(4193, 581, 5) 3.045577429099457
(4213, 601, 5) 2.966954789168596
(4233, 621, 5) 2.9700829021859123
(4253, 641, 5) 2.909010026483485
(4273, 661, 5) 2.990197476242756
(4293, 681, 5) 2.9023248218525475
(4313, 701, 5) 2.8348239685518863
(4333, 721, 5) 2.8786206397347733
(4353, 741, 5) 2.955488064409808
(4373, 761, 5) 2.9316791965579303
(4393, 781, 5) 2.8605523343819153
(4413, 801, 5) 2.8526229513872083
(4433, 821, 5) 2.9279286604212844
(4453, 841, 5) 2.939002197567519
(4473, 861, 5) 2.8427460745398205
(4493, 881, 5) 2.8811275672805996
(4513, 901, 5) 2.937959975222687
(4516, 1, 6) 2.862544003654159
(4536, 21, 6) 2.7994258378199337
(4556, 41, 6) 2.823404731722844
(4576, 61, 6) 2.738664323396073
(4596, 81, 6) 2.747030343919862
(4616, 101, 6) 2.8197888088211407
(4636, 121, 6) 2.7085548730001694
(4656, 141, 6) 2.735317021923867
(4676, 161, 6) 2.80261620924811
(4696, 181, 6) 2.7468708482198836
(4716, 201, 6) 2.8084640426411336
(4736, 221, 6) 2.7296872130375407
(4756, 241, 6) 2.676972128862352
(4776, 261, 6) 2.794516815702425
(4796, 281, 6) 2.7391586551296467
(4816, 301, 6) 2.7004202399589627
(4836, 321, 6) 2.704349794330555
(4856, 341, 6) 2.6647421344293845
(4876, 361, 6) 2.719695906085624
(4896, 381, 6) 2.627978120105413
(4916, 401, 6) 2.742960202072611
(4936, 421, 6) 2.6751484454166095
(4956, 441, 6) 2.6972841698965313
(4976, 461, 6) 2.6903078423301072
(4996, 481, 6) 2.6139779868264483
(5016, 501, 6) 2.7240483226476093
(5036, 521, 6) 2.660503045120045
(5056, 541, 6) 2.6878833364974795
(5076, 561, 6) 2.6435135375585292
(5096, 581, 6) 2.671996192303388
(5116, 601, 6) 2.6061950929218987
(5136, 621, 6) 2.5941078715258503
(5156, 641, 6) 2.5799576080620814
(5176, 661, 6) 2.6210443919227204
(5196, 681, 6) 2.5359959441601663
(5216, 701, 6) 2.483036847656392
(5236, 721, 6) 2.5244061941617355
(5256, 741, 6) 2.601377228150064
(5276, 761, 6) 2.593883812286812
(5296, 781, 6) 2.5090317046222146
(5316, 801, 6) 2.5122664599609985
(5336, 821, 6) 2.562187149997755
(5356, 841, 6) 2.608739031832352
(5376, 861, 6) 2.4974281816345982
(5396, 881, 6) 2.536288504999008
(5416, 901, 6) 2.586385445108317
(5419, 1, 7) 2.6194481021217912
(5439, 21, 7) 2.500644145986568
(5459, 41, 7) 2.4704985403756146
(5479, 61, 7) 2.419450058446034
(5499, 81, 7) 2.4057000077117485
(5519, 101, 7) 2.5001743177936073
(5539, 121, 7) 2.3652621054656056
(5559, 141, 7) 2.39079958580185
(5579, 161, 7) 2.4974048157715396
(5599, 181, 7) 2.4664604192309114
(5619, 201, 7) 2.488706034017553
(5639, 221, 7) 2.42143028567179
(5659, 241, 7) 2.3843008850043614
(5679, 261, 7) 2.5145870696965167
(5699, 281, 7) 2.4237377367924022
(5719, 301, 7) 2.3768079207888935
(5739, 321, 7) 2.378840610428495
(5759, 341, 7) 2.391738251391836
(5779, 361, 7) 2.3971484313446463
(5799, 381, 7) 2.365909708376942
(5819, 401, 7) 2.4573251448678883
(5839, 421, 7) 2.39984275667815
(5859, 441, 7) 2.4129825883303306
(5879, 461, 7) 2.4088539175408545
(5899, 481, 7) 2.3380858959090807
(5919, 501, 7) 2.438356816694385
(5939, 521, 7) 2.3903095962868752
(5959, 541, 7) 2.4262046924780156
(5979, 561, 7) 2.367613538381595
(5999, 581, 7) 2.390332429398923
(6019, 601, 7) 2.3229854098553795
(6039, 621, 7) 2.337366294176924
(6059, 641, 7) 2.339711089805106
(6079, 661, 7) 2.3334630371977596
(6099, 681, 7) 2.2642468000578835
(6119, 701, 7) 2.2329659685678025
(6139, 721, 7) 2.30797068036855
(6159, 741, 7) 2.3686970526125983
(6179, 761, 7) 2.329779363578183
(6199, 781, 7) 2.264722888544541
(6219, 801, 7) 2.276302024682505
(6239, 821, 7) 2.3405205428078006
(6259, 841, 7) 2.367337315385919
(6279, 861, 7) 2.2544732996157193
(6299, 881, 7) 2.302599161527102
(6319, 901, 7) 2.3600617756022464
