(1, 1, 1) 29.223047317947692
(51, 51, 1) 33.92749155662059
(101, 101, 1) 30.40131856017788
(151, 151, 1) 29.46294913588538
(201, 201, 1) 29.85683611226761
(251, 251, 1) 33.62359214543051
(301, 301, 1) 33.749005041398966
(351, 351, 1) 32.599976443394176
(401, 401, 1) 35.37300909686647
(451, 451, 1) 34.32212102175232
(501, 501, 1) 34.289733383372344
(551, 551, 1) 35.23452097663809
(601, 601, 1) 34.75963978342816
(651, 651, 1) 35.34979629950171
(701, 701, 1) 35.338901769461366
(751, 751, 1) 35.49220050291208
(801, 801, 1) 35.14987554470672
(851, 851, 1) 35.93811591560766
(901, 901, 1) 35.961790996522296
(904, 1, 2) 36.2253613096831
(954, 51, 2) 35.97468999604169
(1004, 101, 2) 35.77301903861059
(1054, 151, 2) 36.597221431537086
(1104, 201, 2) 35.43890753577151
(1154, 251, 2) 36.33792214665237
(1204, 301, 2) 36.417060105515105
(1254, 351, 2) 36.32462460857075
(1304, 401, 2) 36.67486890807718
(1354, 451, 2) 36.83553764233397
(1404, 501, 2) 36.641593008279436
(1454, 551, 2) 36.72918478918085
(1504, 601, 2) 37.33141829676992
(1554, 651, 2) 37.45667227585311
(1604, 701, 2) 36.59483126658486
(1654, 751, 2) 37.6573704195934
(1704, 801, 2) 37.56529268584723
(1754, 851, 2) 37.53545454313695
(1804, 901, 2) 37.67753308297845
(1807, 1, 3) 37.76001827838925
(1857, 51, 3) 38.032174359026094
(1907, 101, 3) 37.578979928620356
(1957, 151, 3) 38.07571363710016
(2007, 201, 3) 37.374301865615315
(2057, 251, 3) 37.68839907737412
(2107, 301, 3) 37.47152934973695
(2157, 351, 3) 37.833284498446346
(2207, 401, 3) 38.66178996207953
(2257, 451, 3) 38.25234029820748
(2307, 501, 3) 38.69283493008505
(2357, 551, 3) 38.374140166822855
(2407, 601, 3) 38.25239768986643
(2457, 651, 3) 39.08472295216858
(2507, 701, 3) 39.093702291242856
(2557, 751, 3) 39.471750902825086
(2607, 801, 3) 39.229020372783395
(2657, 851, 3) 39.87203198193473
(2707, 901, 3) 39.63372300070297
(2710, 1, 4) 39.38046457122016
(2760, 51, 4) 39.22047386237015
(2810, 101, 4) 40.255870596694656
(2860, 151, 4) 40.359249536153676
(2910, 201, 4) 38.46464653957276
(2960, 251, 4) 39.05212749129387
(3010, 301, 4) 39.65864497981563
(3060, 351, 4) 39.279804879579586
(3110, 401, 4) 39.13896369046146
(3160, 451, 4) 39.417006497802596
(3210, 501, 4) 39.68353519335639
(3260, 551, 4) 39.726846148058996
(3310, 601, 4) 40.541871323486426
(3360, 651, 4) 40.19289985333328
(3410, 701, 4) 40.42911253075854
(3460, 751, 4) 39.13151052304025
(3510, 801, 4) 39.56162797557465
(3560, 851, 4) 39.93167312288484
(3610, 901, 4) 38.66336008115551
(3613, 1, 5) 39.37995338325755
(3663, 51, 5) 39.26200850379656
(3713, 101, 5) 40.77461309264161
(3763, 151, 5) 39.73814767877224
(3813, 201, 5) 40.114945663615885
(3863, 251, 5) 41.03535091254849
(3913, 301, 5) 40.053947003180184
(3963, 351, 5) 40.70618935048724
(4013, 401, 5) 40.514684269220886
(4063, 451, 5) 40.38233128791837
(4113, 501, 5) 40.562505003665244
(4163, 551, 5) 41.21904144964626
(4213, 601, 5) 40.646058448752
(4263, 651, 5) 41.15163447153052
(4313, 701, 5) 40.64971902555803
(4363, 751, 5) 40.648490881752366
(4413, 801, 5) 40.975566535815084
(4463, 851, 5) 41.67290113638054
(4513, 901, 5) 40.86376667646015
(4516, 1, 6) 40.467793385276146
(4566, 51, 6) 40.718464632907626
(4616, 101, 6) 40.34787136880292
(4666, 151, 6) 40.026153440962695
(4716, 201, 6) 39.90990482867413
(4766, 251, 6) 41.58049122252568
(4816, 301, 6) 41.23585714189642
(4866, 351, 6) 39.89713352386412
(4916, 401, 6) 40.60042130121167
(4966, 451, 6) 41.08997959038883
(5016, 501, 6) 41.47872289729696
(5066, 551, 6) 41.59133330668724
(5116, 601, 6) 40.80342198116292
(5166, 651, 6) 41.39134402441936
(5216, 701, 6) 40.66980443728078
(5266, 751, 6) 40.34146934323886
(5316, 801, 6) 41.47375372422895
(5366, 851, 6) 40.66833460527375
(5416, 901, 6) 40.4736158716186
(5419, 1, 7) 40.11091254776653
(5469, 51, 7) 39.77587369969748
(5519, 101, 7) 41.43113578220838
(5569, 151, 7) 41.436559806167004
(5619, 201, 7) 39.2600308299302
(5669, 251, 7) 41.35143440679975
(5719, 301, 7) 39.262477753957604
(5769, 351, 7) 40.674915421394076
(5819, 401, 7) 41.36006370382559
(5869, 451, 7) 39.91990022884695
(5919, 501, 7) 42.28103897434978
(5969, 551, 7) 42.10211957286056
(6019, 601, 7) 41.22072086815361
(6069, 651, 7) 42.006976934453455
(6119, 701, 7) 41.389337595900834
(6169, 751, 7) 41.30067671527077
(6219, 801, 7) 41.00811908813815
(6269, 851, 7) 41.89899425385093
(6319, 901, 7) 40.05220665018545
