(1, 1, 1) 66.5591787092158
(51, 51, 1) 68.55251226670518
(101, 101, 1) 66.63946884736842
(151, 151, 1) 66.38900614479036
(201, 201, 1) 66.32111625850591
(251, 251, 1) 67.1522287297176
(301, 301, 1) 67.17144095579945
(351, 351, 1) 66.64540606289722
(401, 401, 1) 67.90029814601313
(451, 451, 1) 67.28569243622889
(501, 501, 1) 66.9156015103576
(551, 551, 1) 67.53666645028095
(601, 601, 1) 67.47935477069053
(651, 651, 1) 67.28017214305548
(701, 701, 1) 67.00324166404641
(751, 751, 1) 67.17073881053199
(801, 801, 1) 67.00901212625902
(851, 851, 1) 67.5104974331349
(901, 901, 1) 67.44995438052806
(904, 1, 2) 67.68371275096013
(954, 51, 2) 67.2433544757955
(1004, 101, 2) 67.12221764048748
(1054, 151, 2) 67.61035576097912
(1104, 201, 2) 66.20034291282404
(1154, 251, 2) 67.02281397827021
(1204, 301, 2) 67.01242791680794
(1254, 351, 2) 66.69384321262588
(1304, 401, 2) 66.92283407959567
(1354, 451, 2) 67.42208406292575
(1404, 501, 2) 67.04090848697106
(1454, 551, 2) 67.28110449325268
(1504, 601, 2) 67.15243616974456
(1554, 651, 2) 66.96881836850308
(1604, 701, 2) 66.3126760728339
(1654, 751, 2) 66.70916997281289
(1704, 801, 2) 66.91589083507559
(1754, 851, 2) 66.88227389122035
(1804, 901, 2) 67.11219680458636
(1807, 1, 3) 67.28217025710477
(1857, 51, 3) 66.85929864828873
(1907, 101, 3) 66.75049229368692
(1957, 151, 3) 66.36453672475884
(2007, 201, 3) 65.93186718791169
(2057, 251, 3) 66.17707109700176
(2107, 301, 3) 65.82597838118735
(2157, 351, 3) 65.84937454395775
(2207, 401, 3) 66.56216097160828
(2257, 451, 3) 66.2407395405859
(2307, 501, 3) 66.60307076210347
(2357, 551, 3) 66.08475879706592
(2407, 601, 3) 65.80656358797764
(2457, 651, 3) 66.10175674425962
(2507, 701, 3) 66.01480435915902
(2557, 751, 3) 66.65666196983568
(2607, 801, 3) 65.73568351071827
(2657, 851, 3) 66.35870862998117
(2707, 901, 3) 65.62600203438407
(2710, 1, 4) 65.02913948201859
(2760, 51, 4) 64.62961005018336
(2810, 101, 4) 66.32513745561337
(2860, 151, 4) 66.0141581856706
(2910, 201, 4) 63.973008000639744
(2960, 251, 4) 64.7762508642172
(3010, 301, 4) 64.5015752097497
(3060, 351, 4) 64.04946060251211
(3110, 401, 4) 64.58053342099758
(3160, 451, 4) 64.59118592744086
(3210, 501, 4) 64.79556281976538
(3260, 551, 4) 64.39106910987412
(3310, 601, 4) 65.4624382248267
(3360, 651, 4) 64.97900666070666
(3410, 701, 4) 64.8478828598981
(3460, 751, 4) 63.60591172447607
(3510, 801, 4) 63.42632405489114
(3560, 851, 4) 63.76563501844983
(3610, 901, 4) 62.02086437413969
(3613, 1, 5) 63.22704899126549
(3663, 51, 5) 62.46822234692656
(3713, 101, 5) 63.954578848537494
(3763, 151, 5) 62.66138727530803
(3813, 201, 5) 63.186243679835876
(3863, 251, 5) 64.01525608071731
(3913, 301, 5) 62.63914498312325
(3963, 351, 5) 63.364999255654354
(4013, 401, 5) 63.49248436243277
(4063, 451, 5) 62.91176286505785
(4113, 501, 5) 62.94729331319587
(4163, 551, 5) 63.88241432530077
(4213, 601, 5) 62.68061021834127
(4263, 651, 5) 63.28681408194128
(4313, 701, 5) 62.72363927893502
(4363, 751, 5) 62.27321078068999
(4413, 801, 5) 63.50741575954817
(4463, 851, 5) 63.75361658333596
(4513, 901, 5) 62.658496707918395
(4516, 1, 6) 62.71985123903308
(4566, 51, 6) 61.94247402563581
(4616, 101, 6) 61.74360651183125
(4666, 151, 6) 61.02923770748738
(4716, 201, 6) 60.361629015203825
(4766, 251, 6) 62.95083640181183
(4816, 301, 6) 62.27978545275326
(4866, 351, 6) 60.42002597826919
(4916, 401, 6) 60.669935794649476
(4966, 451, 6) 61.46587705335609
(5016, 501, 6) 61.89511160357974
(5066, 551, 6) 62.41767691818163
(5116, 601, 6) 61.476577941288944
(5166, 651, 6) 61.56725648237318
(5216, 701, 6) 60.94963882732173
(5266, 751, 6) 60.09332321811098
(5316, 801, 6) 61.66805506191256
(5366, 851, 6) 60.86553785681239
(5416, 901, 6) 59.29242071291792
(5419, 1, 7) 59.22536513842853
(5469, 51, 7) 58.513107004741094
(5519, 101, 7) 61.673513875951436
(5569, 151, 7) 61.952313078778545
(5619, 201, 7) 58.460028447798905
(5669, 251, 7) 62.12978906756901
(5719, 301, 7) 57.41465523471717
(5769, 351, 7) 59.8446896145577
(5819, 401, 7) 61.03484485116263
(5869, 451, 7) 58.65443599473035
(5919, 501, 7) 62.517571150325715
(5969, 551, 7) 61.831436150975826
(6019, 601, 7) 60.49900552423162
(6069, 651, 7) 61.361705136946476
(6119, 701, 7) 61.44895850615046
(6169, 751, 7) 60.81691348914814
(6219, 801, 7) 60.35758811259636
(6269, 851, 7) 62.26809221955273
(6319, 901, 7) 58.69756431189984
