(1, 1, 1) 28.791713306807367
(51, 51, 1) 33.64259724350809
(101, 101, 1) 29.884548304257482
(151, 151, 1) 29.180062269627125
(201, 201, 1) 29.529759363045272
(251, 251, 1) 32.99458220604091
(301, 301, 1) 33.09422152168512
(351, 351, 1) 31.79228037295522
(401, 401, 1) 34.67758536007715
(451, 451, 1) 33.618453452738855
(501, 501, 1) 33.39769319197631
(551, 551, 1) 34.50685203391074
(601, 601, 1) 34.02362203939245
(651, 651, 1) 34.603992435936796
(701, 701, 1) 34.55372549300931
(751, 751, 1) 34.672654069945025
(801, 801, 1) 34.34770834462196
(851, 851, 1) 35.1655352080152
(901, 901, 1) 35.17568123292925
(904, 1, 2) 35.4616450108475
(954, 51, 2) 35.18536757543181
(1004, 101, 2) 34.929468852983256
(1054, 151, 2) 35.81050605028175
(1104, 201, 2) 34.52226950395009
(1154, 251, 2) 35.52158127119022
(1204, 301, 2) 35.58712905462522
(1254, 351, 2) 35.504654557204965
(1304, 401, 2) 35.7989941180291
(1354, 451, 2) 35.9824244538351
(1404, 501, 2) 35.848528230657585
(1454, 551, 2) 35.91348152149604
(1504, 601, 2) 36.53326848474133
(1554, 651, 2) 36.66785487943233
(1604, 701, 2) 35.79226095215282
(1654, 751, 2) 36.92553112502811
(1704, 801, 2) 36.82074774477318
(1754, 851, 2) 36.76026787319524
(1804, 901, 2) 36.936845531468805
(1807, 1, 3) 37.023183052992245
(1857, 51, 3) 37.27640881565428
(1907, 101, 3) 36.897292207272464
(1957, 151, 3) 37.43665384232268
(2007, 201, 3) 36.66881792224614
(2057, 251, 3) 36.99534039878595
(2107, 301, 3) 36.776641970670966
(2157, 351, 3) 37.24308004955909
(2207, 401, 3) 38.03387551682661
(2257, 451, 3) 37.634490915812705
(2307, 501, 3) 38.167705243805386
(2357, 551, 3) 37.849036558284304
(2407, 601, 3) 37.722258611898404
(2457, 651, 3) 38.557956619620086
(2507, 701, 3) 38.63187284992009
(2557, 751, 3) 39.01528340093142
(2607, 801, 3) 38.74492734348335
(2657, 851, 3) 39.42156424835045
(2707, 901, 3) 39.231777850044374
(2710, 1, 4) 38.97961881959646
(2760, 51, 4) 38.84673812705349
(2810, 101, 4) 39.82900701835569
(2860, 151, 4) 39.981585131216036
(2910, 201, 4) 38.103718800821774
(2960, 251, 4) 38.700431090912566
(3010, 301, 4) 39.321747710951165
(3060, 351, 4) 38.9540280001959
(3110, 401, 4) 38.793184310965785
(3160, 451, 4) 39.12017926153027
(3210, 501, 4) 39.41560064241276
(3260, 551, 4) 39.48478394387701
(3310, 601, 4) 40.27551045312051
(3360, 651, 4) 39.868125141355534
(3410, 701, 4) 40.17273232856447
(3460, 751, 4) 38.82531227057307
(3510, 801, 4) 39.332731397488764
(3560, 851, 4) 39.74519955667659
(3610, 901, 4) 38.48415166774729
(3613, 1, 5) 39.19295362988323
(3663, 51, 5) 39.053652004201695
(3713, 101, 5) 40.574323160770675
(3763, 151, 5) 39.56368694389269
(3813, 201, 5) 39.919668548438445
(3863, 251, 5) 40.8836972194698
(3913, 301, 5) 39.88989093799736
(3963, 351, 5) 40.56929142789739
(4013, 401, 5) 40.38046659227178
(4063, 451, 5) 40.22317653076532
(4113, 501, 5) 40.44524261212831
(4163, 551, 5) 41.095584474126575
(4213, 601, 5) 40.52399248717213
(4263, 651, 5) 41.03302820325704
(4313, 701, 5) 40.50507339705435
(4363, 751, 5) 40.5290318629802
(4413, 801, 5) 40.84254672767006
(4463, 851, 5) 41.5451264565556
(4513, 901, 5) 40.76652720748969
(4516, 1, 6) 40.364665280187864
(4566, 51, 6) 40.62624031189804
(4616, 101, 6) 40.25126861057888
(4666, 151, 6) 39.905440017628685
(4716, 201, 6) 39.824816984833554
(4766, 251, 6) 41.494596483330106
(4816, 301, 6) 41.13317368010548
(4866, 351, 6) 39.79981505371929
(4916, 401, 6) 40.537471746741005
(4966, 451, 6) 41.01572446594217
(5016, 501, 6) 41.395438822372206
(5066, 551, 6) 41.50780780735894
(5116, 601, 6) 40.72283678005461
(5166, 651, 6) 41.334092089353106
(5216, 701, 6) 40.604433044453295
(5266, 751, 6) 40.280604072143916
(5316, 801, 6) 41.41874402974158
(5366, 851, 6) 40.58904290467357
(5416, 901, 6) 40.426321067125706
(5419, 1, 7) 40.06289268948128
(5469, 51, 7) 39.74536067720999
(5519, 101, 7) 41.38034675465698
(5569, 151, 7) 41.369435231489355
(5619, 201, 7) 39.21557381459356
(5669, 251, 7) 41.28752291917556
(5719, 301, 7) 39.22252746987302
(5769, 351, 7) 40.614687928086255
(5819, 401, 7) 41.294610499384625
(5869, 451, 7) 39.88186045355456
(5919, 501, 7) 42.23247074289381
(5969, 551, 7) 42.06148075425446
(6019, 601, 7) 41.183962378167735
(6069, 651, 7) 41.966733201782155
(6119, 701, 7) 41.347584078871726
(6169, 751, 7) 41.263165597984866
(6219, 801, 7) 40.9592249968247
(6269, 851, 7) 41.853790171568896
(6319, 901, 7) 40.016047812350216
