(1, 1, 1) 20.54671750215785
(51, 51, 1) 32.641122155572376
(101, 101, 1) 23.397413840222825
(151, 151, 1) 20.935183093941983
(201, 201, 1) 21.904037257100274
(251, 251, 1) 32.66507528460989
(301, 301, 1) 32.567405639320704
(351, 351, 1) 29.419742067997767
(401, 401, 1) 36.70425830259354
(451, 451, 1) 34.03392280592165
(501, 501, 1) 34.35526023237554
(551, 551, 1) 36.409039484725426
(601, 601, 1) 35.21069166831681
(651, 651, 1) 36.79167279989567
(701, 701, 1) 37.02992256392147
(751, 751, 1) 37.35576667686213
(801, 801, 1) 36.40849616828958
(851, 851, 1) 38.307906952257234
(901, 901, 1) 38.5664443160204
(904, 1, 2) 39.09137704267477
(954, 51, 2) 39.0656227712479
(1004, 101, 2) 38.52224639234644
(1054, 151, 2) 40.524661040538504
(1104, 201, 2) 38.67771348795059
(1154, 251, 2) 40.3497569946419
(1204, 301, 2) 40.14987000818436
(1254, 351, 2) 40.39238338470405
(1304, 401, 2) 41.40743838874236
(1354, 451, 2) 41.509069465886355
(1404, 501, 2) 41.048434950100095
(1454, 551, 2) 41.23236470448893
(1504, 601, 2) 42.5059245987938
(1554, 651, 2) 43.4166895105305
(1604, 701, 2) 41.75658539718456
(1654, 751, 2) 43.98905142271503
(1704, 801, 2) 43.98294872471106
(1754, 851, 2) 43.399243800990455
(1804, 901, 2) 43.83112331893584
(1807, 1, 3) 44.042908922668566
(1857, 51, 3) 45.30632027855048
(1907, 101, 3) 43.793281289036095
(1957, 151, 3) 45.61642580251225
(2007, 201, 3) 44.20597464917755
(2057, 251, 3) 44.94979729949724
(2107, 301, 3) 44.54202890673745
(2157, 351, 3) 45.882941609964945
(2207, 401, 3) 47.10960730588949
(2257, 451, 3) 46.07928471375119
(2307, 501, 3) 47.00056224480653
(2357, 551, 3) 46.73124248430251
(2407, 601, 3) 46.38187991036904
(2457, 651, 3) 48.56615198502689
(2507, 701, 3) 49.01024776203372
(2557, 751, 3) 49.10994058848374
(2607, 801, 3) 49.51864261017743
(2657, 851, 3) 50.49299845695897
(2707, 901, 3) 50.52265991798126
(2710, 1, 4) 50.14439260977629
(2760, 51, 4) 50.85046915243813
(2810, 101, 4) 51.4165300918473
(2860, 151, 4) 52.162941487392885
(2910, 201, 4) 49.291400787759684
(2960, 251, 4) 50.039561199537395
(3010, 301, 4) 51.677208084212175
(3060, 351, 4) 51.64191984839438
(3110, 401, 4) 50.214506804154524
(3160, 451, 4) 50.63421665178658
(3210, 501, 4) 52.2184853426093
(3260, 551, 4) 52.48718721951581
(3310, 601, 4) 53.50983967406614
(3360, 651, 4) 52.60461754813277
(3410, 701, 4) 53.53599821922958
(3460, 751, 4) 50.859854270108926
(3510, 801, 4) 52.62587299090457
(3560, 851, 4) 53.13994020714274
(3610, 901, 4) 51.28538692878814
(3613, 1, 5) 52.365515276606835
(3663, 51, 5) 52.444540626871714
(3713, 101, 5) 55.245215806414784
(3763, 151, 5) 53.5655736630815
(3813, 201, 5) 54.32933676401185
(3863, 251, 5) 56.23756623962716
(3913, 301, 5) 54.41347120248936
(3963, 351, 5) 55.8943066312801
(4013, 401, 5) 55.33518701337638
(4063, 451, 5) 54.91078668667193
(4113, 501, 5) 55.88357218353669
(4163, 551, 5) 56.772519886221176
(4213, 601, 5) 56.24124770991551
(4263, 651, 5) 57.07742521985422
(4313, 701, 5) 55.986116971213406
(4363, 751, 5) 56.68590213971901
(4413, 801, 5) 56.60938490903692
(4463, 851, 5) 56.971120913244846
(4513, 901, 5) 56.66677458722208
(4516, 1, 6) 55.512711678835224
(4566, 51, 6) 56.72770710166519
(4616, 101, 6) 56.39786596856743
(4666, 151, 6) 55.838409804297406
(4716, 201, 6) 56.40766205100313
(4766, 251, 6) 57.9806001684731
(4816, 301, 6) 58.16437333283579
(4866, 351, 6) 56.325252807368585
(4916, 401, 6) 58.060789783471314
(4966, 451, 6) 58.24330585032986
(5016, 501, 6) 58.81280452296262
(5066, 551, 6) 57.880963604520865
(5116, 601, 6) 57.567509423809724
(5166, 651, 6) 59.43121943895454
(5216, 701, 6) 57.62228233927591
(5266, 751, 6) 57.55405675037254
(5316, 801, 6) 59.192825129398884
(5366, 851, 6) 57.514365243377966
(5416, 901, 6) 58.74179053998447
(5419, 1, 7) 57.99007543410214
(5469, 51, 7) 57.843905073848944
(5519, 101, 7) 59.46035046299063
(5569, 151, 7) 58.53049993997041
(5619, 201, 7) 56.537787973336066
(5669, 251, 7) 58.57579528826922
(5719, 301, 7) 57.21232450649135
(5769, 351, 7) 58.35175927319728
(5819, 401, 7) 59.301638783895235
(5869, 451, 7) 58.56463150969166
(5919, 501, 7) 60.00438253833291
(5969, 551, 7) 60.485882912283095
(6019, 601, 7) 59.74593153119746
(6069, 651, 7) 60.42158046788438
(6119, 701, 7) 58.95711202079879
(6169, 751, 7) 59.79559222384984
(6219, 801, 7) 58.80936283787801
(6269, 851, 7) 59.66050484975462
(6319, 901, 7) 58.27287241369905
