(1, 1, 1) 0.020483408439164276
(51, 51, 1) 0.0
(101, 101, 1) 0.7334963325183375
(151, 151, 1) 0.6329113924050633
(201, 201, 1) 0.9617967649764336
(251, 251, 1) 0.794625030943634
(301, 301, 1) 1.2567260741280255
(351, 351, 1) 1.5011342077222538
(401, 401, 1) 1.3147852800157194
(451, 451, 1) 1.4309203058545212
(501, 501, 1) 1.4448556380887612
(551, 551, 1) 1.5757201889995895
(601, 601, 1) 1.3916198734758847
(651, 651, 1) 1.8187734725115472
(701, 701, 1) 1.845930773744289
(751, 751, 1) 1.8207509025329587
(801, 801, 1) 1.88922257801145
(851, 851, 1) 1.8570865361555167
(901, 901, 1) 1.7444578100365913
(904, 1, 2) 1.769805938145873
(954, 51, 2) 1.497622340715102
(1004, 101, 2) 1.5647192045535676
(1054, 151, 2) 1.549173760421321
(1104, 201, 2) 1.3678374391019672
(1154, 251, 2) 1.5558788679601376
(1204, 301, 2) 2.0075849226330686
(1254, 351, 2) 1.8105297579739874
(1304, 401, 2) 1.6333313010683126
(1354, 451, 2) 1.5049842538509046
(1404, 501, 2) 1.7593484606101872
(1454, 551, 2) 1.5989417759023703
(1504, 601, 2) 2.2728802463571647
(1554, 651, 2) 1.9358644289555311
(1604, 701, 2) 1.6672866384830156
(1654, 751, 2) 2.2323158623583765
(1704, 801, 2) 1.7549968363563226
(1754, 851, 2) 2.279181455146822
(1804, 901, 2) 2.0369150065303576
(1807, 1, 3) 1.9021167196963003
(1857, 51, 3) 1.899577224957948
(1907, 101, 3) 2.1420312869397935
(1957, 151, 3) 2.2154374354716357
(2007, 201, 3) 1.9545636977359917
(2057, 251, 3) 1.912652214569123
(2107, 301, 3) 2.0214525792329106
(2157, 351, 3) 1.7449809962802778
(2207, 401, 3) 2.289948093969385
(2257, 451, 3) 2.4110854712825107
(2307, 501, 3) 2.4437455334022142
(2357, 551, 3) 2.279401648681405
(2407, 601, 3) 2.5445092665613815
(2457, 651, 3) 2.572259779283394
(2507, 701, 3) 2.239410674790806
(2557, 751, 3) 2.6214925450066104
(2607, 801, 3) 2.420125897745738
(2657, 851, 3) 2.751690932712782
(2707, 901, 3) 2.7384167974179063
(2710, 1, 4) 2.954169878124866
(2760, 51, 4) 2.17417566759978
(2810, 101, 4) 3.010173132184021
(2860, 151, 4) 2.885476003655861
(2910, 201, 4) 2.1172969552602012
(2960, 251, 4) 2.330548957423816
(3010, 301, 4) 2.784541609140766
(3060, 351, 4) 2.1364099900079876
(3110, 401, 4) 2.6031921299743024
(3160, 451, 4) 3.0068616393332954
(3210, 501, 4) 2.027421441596209
(3260, 551, 4) 2.2907126471725694
(3310, 601, 4) 2.639375496954879
(3360, 651, 4) 2.971247247809407
(3410, 701, 4) 2.888070729906687
(3460, 751, 4) 2.9063867477927205
(3510, 801, 4) 2.6205261638001094
(3560, 851, 4) 2.873492032783318
(3610, 901, 4) 2.6714824755506372
(3613, 1, 5) 2.5360491417470925
(3663, 51, 5) 2.8592138650855023
(3713, 101, 5) 3.109534727231461
(3763, 151, 5) 2.96750364263512
(3813, 201, 5) 2.808951095973543
(3863, 251, 5) 2.8378561587365896
(3913, 301, 5) 3.0916930324390903
(3963, 351, 5) 2.844950423568099
(4013, 401, 5) 2.7010585150552457
(4063, 451, 5) 3.3019657498214783
(4113, 501, 5) 2.842926612278195
(4163, 551, 5) 2.9777672808041684
(4213, 601, 5) 2.9959568639894676
(4263, 651, 5) 3.0722918517850926
(4313, 701, 5) 3.197353869464767
(4363, 751, 5) 2.9600310943291577
(4413, 801, 5) 2.7917200541804426
(4463, 851, 5) 4.272408451604172
(4513, 901, 5) 3.2460001769748774
(4516, 1, 6) 3.150866034432694
(4566, 51, 6) 3.4573932482566336
(4616, 101, 6) 2.8836064672689914
(4666, 151, 6) 3.1762353694440986
(4716, 201, 6) 2.926972591758017
(4766, 251, 6) 3.7903485405744486
(4816, 301, 6) 3.2298304981206853
(4866, 351, 6) 2.9087939526031983
(4916, 401, 6) 3.039030858377579
(4966, 451, 6) 3.530045991013459
(5016, 501, 6) 3.690853585521224
(5066, 551, 6) 4.430430482181031
(5116, 601, 6) 3.3342920755850587
(5166, 651, 6) 3.1484897580745206
(5216, 701, 6) 3.400360705594443
(5266, 751, 6) 3.3429978489477645
(5316, 801, 6) 3.531579689261697
(5366, 851, 6) 3.5846287303309925
(5416, 901, 6) 3.3506963237489464
(5419, 1, 7) 3.090644507534435
(5469, 51, 7) 2.9476996627913072
(5519, 101, 7) 3.1380591911671987
(5569, 151, 7) 3.7849875393886268
(5619, 201, 7) 2.7545475091375926
(5669, 251, 7) 3.316724592743809
(5719, 301, 7) 3.1201645885719134
(5769, 351, 7) 3.7816407622515333
(5819, 401, 7) 3.691407608172206
(5869, 451, 7) 2.5047955147035044
(5919, 501, 7) 4.292078535692642
(5969, 551, 7) 3.9475865029610895
(6019, 601, 7) 3.385690386147417
(6069, 651, 7) 4.199386912697641
(6119, 701, 7) 3.7369939244084818
(6169, 751, 7) 3.257212798898829
(6219, 801, 7) 3.815906263386453
(6269, 851, 7) 3.7400426934932356
(6319, 901, 7) 3.1516219112700097
