(1, 1, 1) 0.020483408439164276
(51, 51, 1) 0.0
(101, 101, 1) 0.7334963325183375
(151, 151, 1) 0.6329113924050633
(201, 201, 1) 0.9683557010632257
(251, 251, 1) 0.7978963692891337
(301, 301, 1) 1.259150380335047
(351, 351, 1) 1.5064403625190246
(401, 401, 1) 1.3163065947739527
(451, 451, 1) 1.4313942296788447
(501, 501, 1) 1.4472314865995988
(551, 551, 1) 1.5760226593342381
(601, 601, 1) 1.3934385009127488
(651, 651, 1) 1.819631378493764
(701, 701, 1) 1.848977524287464
(751, 751, 1) 1.8225956866510222
(801, 801, 1) 1.8910416767052067
(851, 851, 1) 1.8589683039709533
(901, 901, 1) 1.7466473868055843
(904, 1, 2) 1.7717595745704067
(954, 51, 2) 1.500850918935482
(1004, 101, 2) 1.5711718286022813
(1054, 151, 2) 1.5528959828233273
(1104, 201, 2) 1.3718305098904096
(1154, 251, 2) 1.5585239761618024
(1204, 301, 2) 2.012361099831911
(1254, 351, 2) 1.8145991217604664
(1304, 401, 2) 1.6379420960752185
(1354, 451, 2) 1.5066588365917468
(1404, 501, 2) 1.7614907516080205
(1454, 551, 2) 1.6014553493612873
(1504, 601, 2) 2.275312081859275
(1554, 651, 2) 1.9385252962192088
(1604, 701, 2) 1.6707193956384105
(1654, 751, 2) 2.2339312789808554
(1704, 801, 2) 1.7567800451294338
(1754, 851, 2) 2.280406498944514
(1804, 901, 2) 2.039542732086452
(1807, 1, 3) 1.9048022256543187
(1857, 51, 3) 1.9017459234237433
(1907, 101, 3) 2.14443425565256
(1957, 151, 3) 2.219066277229869
(2007, 201, 3) 1.9609503248421505
(2057, 251, 3) 1.9166225715773506
(2107, 301, 3) 2.0254953919802183
(2157, 351, 3) 1.7473335723861616
(2207, 401, 3) 2.292489524793194
(2257, 451, 3) 2.414859330580109
(2307, 501, 3) 2.4473637477651375
(2357, 551, 3) 2.283904824352054
(2407, 601, 3) 2.5488998597272916
(2457, 651, 3) 2.576891418297682
(2507, 701, 3) 2.244529407164478
(2557, 751, 3) 2.62749935269628
(2607, 801, 3) 2.427051671582314
(2657, 851, 3) 2.757714258888074
(2707, 901, 3) 2.7465213624548994
(2710, 1, 4) 2.9629180795350507
(2760, 51, 4) 2.17870417002745
(2810, 101, 4) 3.0183814096226413
(2860, 151, 4) 2.895391208421064
(2910, 201, 4) 2.1267716789775886
(2960, 251, 4) 2.335331846816271
(3010, 301, 4) 2.7933646421899803
(3060, 351, 4) 2.144695491365274
(3110, 401, 4) 2.619426668173279
(3160, 451, 4) 3.0202973016268904
(3210, 501, 4) 2.034520123234216
(3260, 551, 4) 2.3004421246776254
(3310, 601, 4) 2.6515657793609657
(3360, 651, 4) 2.9935431783906576
(3410, 701, 4) 2.902016928629012
(3460, 751, 4) 2.9277016459095724
(3510, 801, 4) 2.630866225460837
(3560, 851, 4) 2.88718328174135
(3610, 901, 4) 2.6827515873369516
(3613, 1, 5) 2.546392090907611
(3663, 51, 5) 2.8720625324676288
(3713, 101, 5) 3.120630404206004
(3763, 151, 5) 2.9866405154252518
(3813, 201, 5) 2.826560429651587
(3863, 251, 5) 2.8530802169478044
(3913, 301, 5) 3.107114626524812
(3963, 351, 5) 2.8590306159436523
(4013, 401, 5) 2.7150870831851566
(4063, 451, 5) 3.3227989529616773
(4113, 501, 5) 2.854932467659158
(4163, 551, 5) 3.001721268946503
(4213, 601, 5) 3.0137685732391715
(4263, 651, 5) 3.0885431338693676
(4313, 701, 5) 3.236506172547592
(4363, 751, 5) 2.978609055173297
(4413, 801, 5) 2.808917373891282
(4463, 851, 5) 4.293196848755635
(4513, 901, 5) 3.2653467027403065
(4516, 1, 6) 3.170092814930423
(4566, 51, 6) 3.4837685837746277
(4616, 101, 6) 2.8995332473767865
(4666, 151, 6) 3.201151566286574
(4716, 201, 6) 2.951690981803503
(4766, 251, 6) 3.8092509454460863
(4816, 301, 6) 3.2549946173536766
(4866, 351, 6) 2.9347782647968153
(4916, 401, 6) 3.0632024515643788
(4966, 451, 6) 3.5551000926748455
(5016, 501, 6) 3.718260658063503
(5066, 551, 6) 4.475092462004749
(5116, 601, 6) 3.3616139274006738
(5166, 651, 6) 3.169891645900476
(5216, 701, 6) 3.4354987280192506
(5266, 751, 6) 3.3706977539007923
(5316, 801, 6) 3.5579346591270995
(5366, 851, 6) 3.6205271706829323
(5416, 901, 6) 3.374004520946361
(5419, 1, 7) 3.1104090494798045
(5469, 51, 7) 2.9657734008536853
(5519, 101, 7) 3.157019481476911
(5569, 151, 7) 3.8252145818958887
(5619, 201, 7) 2.7762561403938153
(5669, 251, 7) 3.3479918423220534
(5719, 301, 7) 3.147264788684174
(5769, 351, 7) 3.8160568734334195
(5819, 401, 7) 3.7337074779329247
(5869, 451, 7) 2.5274390224610457
(5919, 501, 7) 4.320227945126576
(5969, 551, 7) 3.9883054386813033
(6019, 601, 7) 3.4098999037564073
(6069, 651, 7) 4.2336990917580755
(6119, 701, 7) 3.761795513333048
(6169, 751, 7) 3.286168584254654
(6219, 801, 7) 3.8548112666683223
(6269, 851, 7) 3.7680507569953754
(6319, 901, 7) 3.1810850261211443
