(1, 1, 1) 67.10194104324606
(51, 51, 1) 69.1413525142894
(101, 101, 1) 67.07304550779247
(151, 151, 1) 66.8207529213091
(201, 201, 1) 66.69811537863933
(251, 251, 1) 67.4078047823925
(301, 301, 1) 67.42045910454115
(351, 351, 1) 66.87374689966575
(401, 401, 1) 68.09846239323191
(451, 451, 1) 67.50104602965645
(501, 501, 1) 67.06670843114188
(551, 551, 1) 67.7185007858546
(601, 601, 1) 67.67478918105492
(651, 651, 1) 67.4380847201157
(701, 701, 1) 67.13780522017517
(751, 751, 1) 67.29823914522306
(801, 801, 1) 67.15008878912536
(851, 851, 1) 67.64747249059481
(901, 901, 1) 67.5722812867409
(904, 1, 2) 67.81294731180412
(954, 51, 2) 67.35759629794168
(1004, 101, 2) 67.22563889488306
(1054, 151, 2) 67.71410727124943
(1104, 201, 2) 66.26717860947355
(1154, 251, 2) 67.1054854691534
(1204, 301, 2) 67.08894920852904
(1254, 351, 2) 66.76689131924775
(1304, 401, 2) 66.97922623941398
(1354, 451, 2) 67.4908846245238
(1404, 501, 2) 67.11485332313019
(1454, 551, 2) 67.35373431369233
(1504, 601, 2) 67.21301820965668
(1554, 651, 2) 67.01480202080961
(1604, 701, 2) 66.35718900693162
(1654, 751, 2) 66.74912855708432
(1704, 801, 2) 66.95614928770122
(1754, 851, 2) 66.92671332947587
(1804, 901, 2) 67.16193319791307
(1807, 1, 3) 67.33234368684488
(1857, 51, 3) 66.88845687510404
(1907, 101, 3) 66.79922424117241
(1957, 151, 3) 66.39164883155836
(2007, 201, 3) 65.95598062282625
(2057, 251, 3) 66.19877736104776
(2107, 301, 3) 65.84706375049316
(2157, 351, 3) 65.86957831298794
(2207, 401, 3) 66.58327305555592
(2257, 451, 3) 66.26287685029112
(2307, 501, 3) 66.63057879768348
(2357, 551, 3) 66.107273191814
(2407, 601, 3) 65.82641329950295
(2457, 651, 3) 66.11112545318116
(2507, 701, 3) 66.02632970453037
(2557, 751, 3) 66.67781276729524
(2607, 801, 3) 65.74136683659044
(2657, 851, 3) 66.36538322995715
(2707, 901, 3) 65.63198772167276
(2710, 1, 4) 65.03408302434914
(2760, 51, 4) 64.63224826464486
(2810, 101, 4) 66.33270028861402
(2860, 151, 4) 66.01941591264708
(2910, 201, 4) 63.975767151981024
(2960, 251, 4) 64.78148942752792
(3010, 301, 4) 64.50536221304472
(3060, 351, 4) 64.05279929897911
(3110, 401, 4) 64.58295759905658
(3160, 451, 4) 64.59650553999433
(3210, 501, 4) 64.79760011422566
(3260, 551, 4) 64.39290909998356
(3310, 601, 4) 65.46420851703218
(3360, 651, 4) 64.9805388334764
(3410, 701, 4) 64.84932244441701
(3460, 751, 4) 63.606975653102246
(3510, 801, 4) 63.42814471035856
(3560, 851, 4) 63.76789587977043
(3610, 901, 4) 62.021941727341435
(3613, 1, 5) 63.2279527822582
(3663, 51, 5) 62.469422352050344
(3713, 101, 5) 63.95799306730405
(3763, 151, 5) 62.66222885780998
(3813, 201, 5) 63.18893979718422
(3863, 251, 5) 64.0154062810705
(3913, 301, 5) 62.64125518052638
(3963, 351, 5) 63.36523080423797
(4013, 401, 5) 63.493778711101136
(4063, 451, 5) 62.91340822412149
(4113, 501, 5) 62.94901035979987
(4163, 551, 5) 63.8828831937711
(4213, 601, 5) 62.68315906310132
(4263, 651, 5) 63.28893506086797
(4313, 701, 5) 62.726533932913085
(4363, 751, 5) 62.2809614503648
(4413, 801, 5) 63.50839732451705
(4463, 851, 5) 63.75438564714112
(4513, 901, 5) 62.65917873941805
(4516, 1, 6) 62.720575662062785
(4566, 51, 6) 61.943918213283055
(4616, 101, 6) 61.746214890464536
(4666, 151, 6) 61.03889895230409
(4716, 201, 6) 60.37036145321576
(4766, 251, 6) 62.95162255365785
(4816, 301, 6) 62.288203475499785
(4866, 351, 6) 60.43136949942696
(4916, 401, 6) 60.67727166859931
(4966, 451, 6) 61.47153282816179
(5016, 501, 6) 61.905103510864755
(5066, 551, 6) 62.417943853536116
(5116, 601, 6) 61.48114259227836
(5166, 651, 6) 61.57292098840305
(5216, 701, 6) 60.95163224454719
(5266, 751, 6) 60.09965352544325
(5316, 801, 6) 61.67050138416088
(5366, 851, 6) 60.870111401760354
(5416, 901, 6) 59.30505255392497
(5419, 1, 7) 59.232253159717644
(5469, 51, 7) 58.517942624389796
(5519, 101, 7) 61.67603740215761
(5569, 151, 7) 61.95396489663471
(5619, 201, 7) 58.46604837606073
(5669, 251, 7) 62.13051608980796
(5719, 301, 7) 57.4278439666973
(5769, 351, 7) 59.85693011755152
(5819, 401, 7) 61.044844849648605
(5869, 451, 7) 58.66763015438815
(5919, 501, 7) 62.518506439589835
(5969, 551, 7) 61.83217036761728
(6019, 601, 7) 60.50633116950698
(6069, 651, 7) 61.36565124371791
(6119, 701, 7) 61.44910525357066
(6169, 751, 7) 60.82026933770781
(6219, 801, 7) 60.36018315986812
(6269, 851, 7) 62.268427154802794
(6319, 901, 7) 58.70266251073614
