(1, 1, 1) 19.79547780276713
(51, 51, 1) 32.3752794638191
(101, 101, 1) 22.280679732885684
(151, 151, 1) 20.518269271685952
(201, 201, 1) 21.306365065653477
(251, 251, 1) 31.036892857461474
(301, 301, 1) 30.85449753512789
(351, 351, 1) 27.23030084824618
(401, 401, 1) 34.81767265420261
(451, 451, 1) 32.13874761613315
(501, 501, 1) 31.832622427482566
(551, 551, 1) 34.40816946245168
(601, 601, 1) 33.19989147401094
(651, 651, 1) 34.713031692243355
(701, 701, 1) 34.81200404123723
(751, 751, 1) 35.026472496770126
(801, 801, 1) 34.14489032959539
(851, 851, 1) 36.129021654755185
(901, 901, 1) 36.3326315082231
(904, 1, 2) 36.931416343436496
(954, 51, 2) 36.81512590978483
(1004, 101, 2) 36.101469713908706
(1054, 151, 2) 38.271988629444806
(1104, 201, 2) 35.99862815992427
(1154, 251, 2) 37.98605096734032
(1204, 301, 2) 37.74137432443465
(1254, 351, 2) 38.00959070101502
(1304, 401, 2) 38.84081697342332
(1354, 451, 2) 39.02020504472865
(1404, 501, 2) 38.74532774439151
(1454, 551, 2) 38.86039829533306
(1504, 601, 2) 40.17448903812226
(1554, 651, 2) 41.098881840838395
(1604, 701, 2) 39.39682014514156
(1654, 751, 2) 41.835107539913054
(1704, 801, 2) 41.791355562887624
(1754, 851, 2) 41.119348273218556
(1804, 901, 2) 41.6614247832897
(1807, 1, 3) 41.88526218217568
(1857, 51, 3) 43.07035057371616
(1907, 101, 3) 41.79935304119067
(1957, 151, 3) 43.72998736673757
(2007, 201, 3) 42.12002288109074
(2057, 251, 3) 42.896297884786975
(2107, 301, 3) 42.48249495159263
(2157, 351, 3) 44.13488460843923
(2207, 401, 3) 45.249517484902164
(2257, 451, 3) 44.25164773556969
(2307, 501, 3) 45.456299435910466
(2357, 551, 3) 45.18294922910558
(2407, 601, 3) 44.815702981156186
(2457, 651, 3) 46.99985333531724
(2507, 701, 3) 47.64140351581045
(2557, 751, 3) 47.767695687951985
(2607, 801, 3) 48.07897262198604
(2657, 851, 3) 49.1542931823574
(2707, 901, 3) 49.33091471833115
(2710, 1, 4) 48.955547098645916
(2760, 51, 4) 49.73642866337734
(2810, 101, 4) 50.15171046726968
(2860, 151, 4) 51.04512120432165
(2910, 201, 4) 48.22085144656537
(2960, 251, 4) 48.99449345109669
(3010, 301, 4) 50.67912631396303
(3060, 351, 4) 50.676213408067575
(3110, 401, 4) 49.19582738192547
(3160, 451, 4) 49.76249021781664
(3210, 501, 4) 51.423817665876705
(3260, 551, 4) 51.77257007458436
(3310, 601, 4) 52.72471763757994
(3360, 651, 4) 51.65412151555054
(3410, 701, 4) 52.78224339588863
(3460, 751, 4) 49.96363833945041
(3510, 801, 4) 51.95134397377503
(3560, 851, 4) 52.59647161879661
(3610, 901, 4) 50.760108153551556
(3613, 1, 5) 51.8157627566371
(3663, 51, 5) 51.83351980059303
(3713, 101, 5) 54.65885590654307
(3763, 151, 5) 53.06216991373493
(3813, 201, 5) 53.76381086950593
(3863, 251, 5) 55.7979794189555
(3913, 301, 5) 53.93883479842974
(3963, 351, 5) 55.49792460446973
(4013, 401, 5) 54.94785689932734
(4063, 451, 5) 54.45580097741664
(4113, 501, 5) 55.545507910910864
(4163, 551, 5) 56.42657181627479
(4213, 601, 5) 55.89541037918565
(4263, 651, 5) 56.73997867604476
(4313, 701, 5) 55.594227042763265
(4363, 751, 5) 56.35385371392145
(4413, 801, 5) 56.22850436928159
(4463, 851, 5) 56.60935433472666
(4513, 901, 5) 56.39508473757579
(4516, 1, 6) 55.22327856709781
(4566, 51, 6) 56.47885366180165
(4616, 101, 6) 56.12659285263641
(4666, 151, 6) 55.510846975954564
(4716, 201, 6) 56.18584934753883
(4766, 251, 6) 57.74260450760404
(4816, 301, 6) 57.889905089442486
(4866, 351, 6) 56.070625230285486
(4916, 401, 6) 57.90344858719596
(4966, 451, 6) 58.051250353456965
(5016, 501, 6) 58.60035127801566
(5066, 551, 6) 57.67531602171414
(5116, 601, 6) 57.357640323289814
(5166, 651, 6) 59.28653002761162
(5216, 701, 6) 57.46329960044372
(5266, 751, 6) 57.405491149373
(5316, 801, 6) 59.05659733805049
(5366, 851, 6) 57.31696212687732
(5416, 901, 6) 58.635846164710244
(5419, 1, 7) 57.872668422480885
(5469, 51, 7) 57.77527536409755
(5519, 101, 7) 59.32946719685231
(5569, 151, 7) 58.37100507630089
(5619, 201, 7) 56.43214548684418
(5669, 251, 7) 58.41605509721385
(5719, 301, 7) 57.13276258632999
(5769, 351, 7) 58.21773340744952
(5819, 401, 7) 59.15757903881905
(5869, 451, 7) 58.48634985122981
(5919, 501, 7) 59.88776254266306
(5969, 551, 7) 60.40541960882646
(6019, 601, 7) 59.667191224124174
(6069, 651, 7) 60.33910755570236
(6119, 701, 7) 58.85679980605624
(6169, 751, 7) 59.71537050590763
(6219, 801, 7) 58.7041806144913
(6269, 851, 7) 59.55323560166072
(6319, 901, 7) 58.19895721388079
