(1, 1, 1) 14.880816784776227
(51, 51, 1) 35.27654096851352
(101, 101, 1) 19.20764004009464
(151, 151, 1) 19.556320645699916
(201, 201, 1) 21.34302495155004
(251, 251, 1) 30.151166828668956
(301, 301, 1) 30.3240234012993
(351, 351, 1) 27.4823697822209
(401, 401, 1) 34.82480902029207
(451, 451, 1) 32.89006548737404
(501, 501, 1) 32.70459600451152
(551, 551, 1) 35.11083765370978
(601, 601, 1) 33.60250259734801
(651, 651, 1) 36.27213391271694
(701, 701, 1) 36.74701016630553
(751, 751, 1) 37.730427567539465
(801, 801, 1) 36.054718169034786
(851, 851, 1) 37.81044707212429
(901, 901, 1) 38.62823844272194
(904, 1, 2) 39.45622991708596
(954, 51, 2) 38.24340519843051
(1004, 101, 2) 38.844919197985874
(1054, 151, 2) 40.647672700081685
(1104, 201, 2) 38.45610162350665
(1154, 251, 2) 40.96574101245529
(1204, 301, 2) 40.995357593589134
(1254, 351, 2) 41.502247671598575
(1304, 401, 2) 41.558019369784105
(1354, 451, 2) 41.39298287723969
(1404, 501, 2) 42.39811654122217
(1454, 551, 2) 42.07132572509123
(1504, 601, 2) 43.627769718362735
(1554, 651, 2) 45.2688849522291
(1604, 701, 2) 43.078836055977106
(1654, 751, 2) 45.9222407354757
(1704, 801, 2) 45.70153760373437
(1754, 851, 2) 45.7006836058101
(1804, 901, 2) 45.24514751829027
(1807, 1, 3) 45.49853646658912
(1857, 51, 3) 46.9574174158312
(1907, 101, 3) 46.435493801876675
(1957, 151, 3) 47.108905035655205
(2007, 201, 3) 45.55765470720796
(2057, 251, 3) 46.871428463406794
(2107, 301, 3) 46.331339568840555
(2157, 351, 3) 48.77707190608916
(2207, 401, 3) 48.21863122483826
(2257, 451, 3) 46.793156626484716
(2307, 501, 3) 47.66700117605328
(2357, 551, 3) 47.71803731003985
(2407, 601, 3) 48.1714061306968
(2457, 651, 3) 50.52021747703108
(2507, 701, 3) 49.655229887160296
(2557, 751, 3) 49.8824394035382
(2607, 801, 3) 50.472181594065
(2657, 851, 3) 51.77586287411691
(2707, 901, 3) 52.219665919503086
(2710, 1, 4) 51.7329009987254
(2760, 51, 4) 52.053840413424446
(2810, 101, 4) 52.36103396410595
(2860, 151, 4) 52.92545393579998
(2910, 201, 4) 50.03624370709746
(2960, 251, 4) 51.635788893836256
(3010, 301, 4) 52.97671132405323
(3060, 351, 4) 52.63051471406438
(3110, 401, 4) 51.58536128122041
(3160, 451, 4) 51.8196949256758
(3210, 501, 4) 53.26450440243268
(3260, 551, 4) 52.829157079003
(3310, 601, 4) 54.55335813474631
(3360, 651, 4) 54.109452609372866
(3410, 701, 4) 54.73072076127803
(3460, 751, 4) 52.75936290741604
(3510, 801, 4) 54.43212796841246
(3560, 851, 4) 53.96111984141703
(3610, 901, 4) 53.73667526131448
(3613, 1, 5) 54.01458354806194
(3663, 51, 5) 53.85486731725002
(3713, 101, 5) 56.375052221914665
(3763, 151, 5) 55.54421959845831
(3813, 201, 5) 55.24610142334681
(3863, 251, 5) 56.70984673673662
(3913, 301, 5) 55.56471977414197
(3963, 351, 5) 56.29844488765242
(4013, 401, 5) 56.55917613079025
(4063, 451, 5) 56.18393375043782
(4113, 501, 5) 58.156068642856326
(4163, 551, 5) 56.18518275137829
(4213, 601, 5) 57.39405552258964
(4263, 651, 5) 57.80780921714674
(4313, 701, 5) 58.2037439340276
(4363, 751, 5) 57.870836500164515
(4413, 801, 5) 57.15663728505318
(4463, 851, 5) 59.064621835375455
(4513, 901, 5) 57.542835700380024
(4516, 1, 6) 56.714638741045874
(4566, 51, 6) 58.60084218955652
(4616, 101, 6) 57.131800191610004
(4666, 151, 6) 56.27536227972681
(4716, 201, 6) 58.31149508674416
(4766, 251, 6) 59.289169671277584
(4816, 301, 6) 58.41196324681746
(4866, 351, 6) 58.32448987957592
(4916, 401, 6) 59.71769696052446
(4966, 451, 6) 58.88569151231467
(5016, 501, 6) 59.642501370047995
(5066, 551, 6) 59.16584988713998
(5116, 601, 6) 60.51445170673902
(5166, 651, 6) 59.455237790698845
(5216, 701, 6) 59.465983280587885
(5266, 751, 6) 59.368664545773484
(5316, 801, 6) 59.487555096236754
(5366, 851, 6) 59.30800218220638
(5416, 901, 6) 60.146056078156676
(5419, 1, 7) 59.04795426392532
(5469, 51, 7) 60.0721165758417
(5519, 101, 7) 60.54974356539113
(5569, 151, 7) 59.83922078371982
(5619, 201, 7) 59.097465026844546
(5669, 251, 7) 60.38441864266245
(5719, 301, 7) 59.368847074830235
(5769, 351, 7) 60.01656382919377
(5819, 401, 7) 60.31921217973287
(5869, 451, 7) 59.308884130904936
(5919, 501, 7) 61.65271718156471
(5969, 551, 7) 60.71024118657514
(6019, 601, 7) 61.600370752935376
(6069, 651, 7) 61.02881254548287
(6119, 701, 7) 59.716837441539816
(6169, 751, 7) 60.79696798336127
(6219, 801, 7) 60.065721345475055
(6269, 851, 7) 60.485963623480785
(6319, 901, 7) 59.84067467190313
