(1, 1, 1) 2.279723091424014
(51, 51, 1) 100.00000000000004
(101, 101, 1) 100.00000000000004
(151, 151, 1) 3.0002843173508635
(201, 201, 1) 3.0002843173508635
(251, 251, 1) 9.860503902921002
(301, 301, 1) 3.0002843173508635
(351, 351, 1) 12.51333966430458
(401, 401, 1) 5.026029722265158
(451, 451, 1) 10.912441388497136
(501, 501, 1) 10.36611751780468
(551, 551, 1) 21.48382012269679
(601, 601, 1) 12.969527290112616
(651, 651, 1) 68.46949911738038
(701, 701, 1) 54.9995519064483
(751, 751, 1) 30.52657036345989
(801, 801, 1) 50.81327481546149
(851, 851, 1) 66.06328636027612
(901, 901, 1) 54.11927503805856
(951, 951, 1) 38.09137041667079
(1001, 1001, 1) 65.29942057256108
(1051, 1051, 1) 5.803559226209699
(1101, 1101, 1) 13.521298488764534
(1151, 1151, 1) 16.78912521552562
(1201, 1201, 1) 4.978831728327089
(1251, 1251, 1) 29.08651942345129
(1301, 1301, 1) 4.3078407924776325
(1351, 1351, 1) 4.7674095179825
(1401, 1401, 1) 4.486471497267756
(1451, 1451, 1) 36.78041711548478
(1501, 1501, 1) 45.09493467428435
(1551, 1551, 1) 27.72817600273212
(1601, 1601, 1) 6.783072932802601
(1651, 1651, 1) 3.408981146282772
(1701, 1701, 1) 27.76239437798269
(1751, 1751, 1) 4.486471497267757
(1801, 1801, 1) 9.15430620626727
(1851, 1851, 1) 11.28287848396826
(1901, 1901, 1) 25.334625628036203
(1951, 1951, 1) 58.154945687986114
(2001, 2001, 1) 2.7920791644145395
(2051, 2051, 1) 3.408981146282772
(2101, 2101, 1) 26.49268590278449
(2151, 2151, 1) 30.878189539634473
(2201, 2201, 1) 43.11682851882929
(2251, 2251, 1) 22.972819018373357
(2301, 2301, 1) 30.173279999298405
(2351, 2351, 1) 28.68712602889708
(2401, 2401, 1) 29.505138076099747
(2451, 2451, 1) 28.101340991802093
(2501, 2501, 1) 10.451442553289516
(2551, 2551, 1) 4.775180382429427
(2601, 2601, 1) 26.183731308122063
(2651, 2651, 1) 22.596329465443283
(2701, 2701, 1) 10.716245669447591
(2751, 2751, 1) 29.66218714191135
(2801, 2801, 1) 9.000852952052592
(2851, 2851, 1) 8.739680093138208
(2901, 2901, 1) 8.657608280822965
(2951, 2951, 1) 5.751032926048709
(3001, 3001, 1) 6.062120981645538
(3051, 3051, 1) 6.208301082189228
(3101, 3101, 1) 9.467903891344598
(3151, 3151, 1) 45.72082891936412
(3201, 3201, 1) 24.8306601081304
(3251, 3251, 1) 33.12514805912847
(3301, 3301, 1) 19.121616355935117
(3351, 3351, 1) 7.336373330899516
(3401, 3401, 1) 24.807429386992112
(3451, 3451, 1) 6.208301082189228
(3501, 3501, 1) 24.102725979389458
(3551, 3551, 1) 21.58215373488962
(3601, 3601, 1) 23.240102389974368
(3651, 3651, 1) 23.97479224626681
(3701, 3701, 1) 41.75229975176979
(3727, 1, 2) 9.064985221519247
(3777, 51, 2) 23.52531037465901
(3827, 101, 2) 26.899859895663823
(3877, 151, 2) 42.18427481900355
(3927, 201, 2) 27.333166083908544
(3977, 251, 2) 43.200373340115924
(4027, 301, 2) 24.05678127152734
(4077, 351, 2) 42.89725894405077
(4127, 401, 2) 47.17689621306841
(4177, 451, 2) 42.16890913810256
(4227, 501, 2) 20.252093846917937
(4277, 551, 2) 38.54964634771989
(4327, 601, 2) 45.608395453519385
(4377, 651, 2) 38.267304752939
(4427, 701, 2) 72.72454093000138
(4477, 751, 2) 56.74773954614983
(4527, 801, 2) 30.98603181253941
(4577, 851, 2) 28.466574433223595
(4627, 901, 2) 53.933963041980306
(4677, 951, 2) 30.300203366197277
(4727, 1001, 2) 25.10217956564544
(4777, 1051, 2) 63.688528974715474
(4827, 1101, 2) 38.43303125895734
(4877, 1151, 2) 45.466972369917116
(4927, 1201, 2) 23.191533467505522
(4977, 1251, 2) 33.529017440626404
(5027, 1301, 2) 54.10822690539397
(5077, 1351, 2) 37.60281742680293
(5127, 1401, 2) 19.963028636812222
(5177, 1451, 2) 10.285620220561915
(5227, 1501, 2) 33.89335291176168
(5277, 1551, 2) 21.32050351757675
(5327, 1601, 2) 18.503527530543757
(5377, 1651, 2) 54.42191092561395
(5427, 1701, 2) 55.76482195844406
(5477, 1751, 2) 31.829947398963945
(5527, 1801, 2) 30.031466956717704
(5577, 1851, 2) 45.145306084467634
(5627, 1901, 2) 44.02141278235934
(5677, 1951, 2) 70.16879391277372
(5727, 2001, 2) 51.54337627145954
(5777, 2051, 2) 37.03646760421784
(5827, 2101, 2) 47.21348165832943
(5877, 2151, 2) 42.411403429852825
(5927, 2201, 2) 51.88361504647522
(5977, 2251, 2) 64.79657100339614
(6027, 2301, 2) 25.852322354886564
(6077, 2351, 2) 41.569542440148844
(6127, 2401, 2) 38.5290499578455
(6177, 2451, 2) 20.4850904354012
(6227, 2501, 2) 45.91497693322866
(6277, 2551, 2) 38.67706276352345
(6327, 2601, 2) 22.94398966888643
(6377, 2651, 2) 28.81250322925897
(6427, 2701, 2) 43.13375730026455
(6477, 2751, 2) 38.908581870337855
(6527, 2801, 2) 51.71953073984757
(6577, 2851, 2) 28.105097303449526
(6627, 2901, 2) 39.01440141427305
(6677, 2951, 2) 25.665650778613273
(6727, 3001, 2) 25.766897914905943
(6777, 3051, 2) 43.36189090348677
(6827, 3101, 2) 39.05570019525231
(6877, 3151, 2) 33.29625524109117
(6927, 3201, 2) 24.8172326377134
(6977, 3251, 2) 35.05106257485264
(7027, 3301, 2) 27.188238372291764
(7077, 3351, 2) 32.54326391043597
(7127, 3401, 2) 32.790158928297025
(7177, 3451, 2) 44.164168100551095
(7227, 3501, 2) 27.385984042441642
(7277, 3551, 2) 26.167939585438926
(7327, 3601, 2) 47.14045207910318
(7377, 3651, 2) 29.14954887656001
(7427, 3701, 2) 39.814417587130855
(7453, 1, 3) 53.422919291399026
(7503, 51, 3) 39.846811316275854
(7553, 101, 3) 36.861183614505336
(7603, 151, 3) 71.38957847176475
(7653, 201, 3) 50.934984129906766
(7703, 251, 3) 21.117301725158498
(7753, 301, 3) 20.138931346507817
(7803, 351, 3) 41.261520349079454
(7853, 401, 3) 50.934984129906766
(7903, 451, 3) 25.932861361024624
(7953, 501, 3) 49.4799546857679
(8003, 551, 3) 56.703878368813335
(8053, 601, 3) 32.53092785450056
(8103, 651, 3) 46.36982882874557
(8153, 701, 3) 28.73597532050534
(8203, 751, 3) 27.056244520090114
(8253, 801, 3) 45.86402483839224
(8303, 851, 3) 86.48454150926429
(8353, 901, 3) 16.006031477423175
(8403, 951, 3) 23.028775809484596
(8453, 1001, 3) 34.00426546498776
(8503, 1051, 3) 35.230064047915214
(8553, 1101, 3) 21.282078598799313
(8603, 1151, 3) 24.481893732679346
(8653, 1201, 3) 23.450515587723764
(8703, 1251, 3) 23.525310374659
(8753, 1301, 3) 32.57866228640737
(8803, 1351, 3) 18.833035026909126
(8853, 1401, 3) 30.371045098471647
(8903, 1451, 3) 34.35599238920265
(8953, 1501, 3) 28.946495082484226
(9003, 1551, 3) 39.45549738575139
(9053, 1601, 3) 23.949360445818428
(9103, 1651, 3) 40.01601601922497
(9153, 1701, 3) 85.12160931922469
(9203, 1751, 3) 65.80370064762461
(9253, 1801, 3) 22.662100445686534
(9303, 1851, 3) 31.195562278229907
(9353, 1901, 3) 83.4452289722301
(9403, 1951, 3) 42.2346441920811
(9453, 2001, 3) 65.80370064762461
(9503, 2051, 3) 65.80370064762461
(9553, 2101, 3) 65.80370064762461
(9603, 2151, 3) 65.80370064762461
(9653, 2201, 3) 65.80370064762461
(9703, 2251, 3) 81.32882808488928
(9753, 2301, 3) 65.80370064762461
(9803, 2351, 3) 14.440710689173907
(9853, 2401, 3) 47.50449804619666
(9903, 2451, 3) 15.54159315995473
(9953, 2501, 3) 31.896056173040126
(10003, 2551, 3) 25.312245791949678
(10053, 2601, 3) 23.949360445818428
(10103, 2651, 3) 43.81083578412608
(10153, 2701, 3) 36.039819942888805
(10203, 2751, 3) 34.86115510134377
(10253, 2801, 3) 51.75904364344554
(10303, 2851, 3) 27.671372658211435
(10353, 2901, 3) 24.775683825626064
(10403, 2951, 3) 37.11448035438479
(10453, 3001, 3) 33.30403537075687
(10503, 3051, 3) 26.835358741692332
(10553, 3101, 3) 81.32882808488928
(10603, 3151, 3) 83.4452289722301
(10653, 3201, 3) 23.949360445818428
(10703, 3251, 3) 40.74957558536873
(10753, 3301, 3) 37.69421453743047
(10803, 3351, 3) 34.25369735264714
(10853, 3401, 3) 81.4706400062663
(10903, 3451, 3) 37.86464686752612
(10953, 3501, 3) 25.735262621480555
(11003, 3551, 3) 46.81650370113112
(11053, 3601, 3) 29.369906155761356
(11103, 3651, 3) 65.80370064762461
(11153, 3701, 3) 30.195988556671903
(11179, 1, 4) 51.25460649993977
(11229, 51, 4) 29.502941262771923
(11279, 101, 4) 65.80370064762461
(11329, 151, 4) 21.77927148743538
(11379, 201, 4) 37.56881561469425
(11429, 251, 4) 49.4799546857679
(11479, 301, 4) 19.359000638485238
(11529, 351, 4) 65.80370064762461
(11579, 401, 4) 65.80370064762461
(11629, 451, 4) 15.54159315995473
(11679, 501, 4) 36.55552228545125
(11729, 551, 4) 21.98050339983991
(11779, 601, 4) 37.95418722091349
(11829, 651, 4) 27.864781749999313
(11879, 701, 4) 60.30000382891462
(11929, 751, 4) 30.36634701250781
(11979, 801, 4) 19.56509828307831
(12029, 851, 4) 65.80370064762461
(12079, 901, 4) 31.789560581712394
(12129, 951, 4) 31.851250951248897
(12179, 1001, 4) 86.48454150926429
(12229, 1051, 4) 34.55736171940659
(12279, 1101, 4) 55.497405471211636
(12329, 1151, 4) 30.896793980265393
(12379, 1201, 4) 51.25460649993977
(12429, 1251, 4) 51.25460649993977
(12479, 1301, 4) 45.60169080130541
(12529, 1351, 4) 32.89513676893441
(12579, 1401, 4) 51.88361504647519
(12629, 1451, 4) 40.38201086270722
(12679, 1501, 4) 35.63769299283789
(12729, 1551, 4) 37.57726912708701
(12779, 1601, 4) 83.4452289722301
(12829, 1651, 4) 41.94473716612236
(12879, 1701, 4) 86.48454150926429
(12929, 1751, 4) 83.4452289722301
(12979, 1801, 4) 44.30838154334612
(13029, 1851, 4) 54.0591490980702
(13079, 1901, 4) 25.042597186531232
(13129, 1951, 4) 83.4452289722301
(13179, 2001, 4) 54.0591490980702
(13229, 2051, 4) 83.4452289722301
(13279, 2101, 4) 11.124432443014555
(13329, 2151, 4) 83.4452289722301
(13379, 2201, 4) 83.4452289722301
(13429, 2251, 4) 81.32882808488928
(13479, 2301, 4) 83.4452289722301
(13529, 2351, 4) 41.79882049216856
(13579, 2401, 4) 65.80370064762461
(13629, 2451, 4) 65.80370064762461
(13679, 2501, 4) 16.671458916407406
(13729, 2551, 4) 65.80370064762461
(13779, 2601, 4) 20.701858052881114
(13829, 2651, 4) 65.80370064762461
(13879, 2701, 4) 65.80370064762461
(13929, 2751, 4) 33.02772692620948
(13979, 2801, 4) 65.80370064762461
(14029, 2851, 4) 83.4452289722301
(14079, 2901, 4) 25.538902950813693
(14129, 2951, 4) 32.55048874698798
(14179, 3001, 4) 32.68758611371245
(14229, 3051, 4) 20.370521412036553
(14279, 3101, 4) 83.4452289722301
(14329, 3151, 4) 83.4452289722301
(14379, 3201, 4) 83.4452289722301
(14429, 3251, 4) 24.920924537060806
(14479, 3301, 4) 56.388552643087976
(14529, 3351, 4) 36.08562176856105
(14579, 3401, 4) 25.855566333434016
(14629, 3451, 4) 18.975464141824343
(14679, 3501, 4) 58.30273581395428
(14729, 3551, 4) 46.85909905380382
(14779, 3601, 4) 25.042197823858196
(14829, 3651, 4) 18.567150913412103
(14879, 3701, 4) 65.80370064762461
