(1, 1, 1) 3.4579156226455137
(51, 51, 1) 1.0787364558065096
(101, 101, 1) 1.3196211221291985
(151, 151, 1) 2.5943118815838595
(201, 201, 1) 0.4746326417661029
(251, 251, 1) 1.475925716367669
(301, 301, 1) 2.0969021895042372
(351, 351, 1) 5.120138626195636
(401, 401, 1) 4.037168003377451
(451, 451, 1) 6.206887180766062
(501, 501, 1) 5.372668941996523
(551, 551, 1) 9.058138870278892
(601, 601, 1) 8.186292075348947
(651, 651, 1) 12.158730595355554
(701, 701, 1) 9.0142377804133
(751, 751, 1) 12.920844694160653
(801, 801, 1) 12.177875898292875
(851, 851, 1) 11.278657068999197
(901, 901, 1) 9.61883527049634
(951, 951, 1) 12.605682210817516
(1001, 1001, 1) 13.296746277072186
(1051, 1051, 1) 9.398876801823455
(1101, 1101, 1) 10.728030277230532
(1151, 1151, 1) 10.407716627210917
(1201, 1201, 1) 9.329555324353992
(1251, 1251, 1) 12.153593063220269
(1301, 1301, 1) 11.58570229518
(1351, 1351, 1) 13.212865974872559
(1401, 1401, 1) 11.926037302603731
(1451, 1451, 1) 13.023043825881905
(1501, 1501, 1) 14.065439341764874
(1551, 1551, 1) 12.906300023126079
(1601, 1601, 1) 12.011091098107574
(1651, 1651, 1) 11.12117515184906
(1701, 1701, 1) 14.17820291515132
(1751, 1751, 1) 12.077445671565341
(1801, 1801, 1) 11.70359136884565
(1851, 1851, 1) 12.335969110971464
(1901, 1901, 1) 14.123111299844686
(1951, 1951, 1) 14.490950756706267
(2001, 2001, 1) 13.124389065701331
(2051, 2051, 1) 9.89569044359939
(2101, 2101, 1) 13.46486867134648
(2151, 2151, 1) 14.699657057148558
(2201, 2201, 1) 12.671758171214716
(2251, 2251, 1) 13.666287581759777
(2301, 2301, 1) 13.664565973688918
(2351, 2351, 1) 14.53136015887997
(2401, 2401, 1) 14.516377773648728
(2451, 2451, 1) 13.608656369704883
(2501, 2501, 1) 14.926512505593804
(2551, 2551, 1) 13.539887272603705
(2601, 2601, 1) 12.853269430327579
(2651, 2651, 1) 12.944686176712842
(2701, 2701, 1) 11.14123288139826
(2751, 2751, 1) 14.513949445083206
(2801, 2801, 1) 15.69780597370721
(2851, 2851, 1) 12.706824202815746
(2901, 2901, 1) 15.688943889668783
(2951, 2951, 1) 14.109324022067357
(3001, 3001, 1) 14.77532669292589
(3051, 3051, 1) 14.568548453180306
(3101, 3101, 1) 13.933866343584485
(3151, 3151, 1) 13.503772647865421
(3201, 3201, 1) 14.01146205647916
(3251, 3251, 1) 16.34952870891783
(3301, 3301, 1) 15.622113719286304
(3351, 3351, 1) 16.588267664638284
(3401, 3401, 1) 16.095881521908744
(3451, 3451, 1) 14.65841637948711
(3501, 3501, 1) 16.633304923023562
(3551, 3551, 1) 16.368721675059874
(3601, 3601, 1) 16.177828235252374
(3651, 3651, 1) 15.326937384125065
(3701, 3701, 1) 14.779318068220757
(3727, 1, 2) 13.600968699707526
(3777, 51, 2) 12.962905435498058
(3827, 101, 2) 15.91223048880104
(3877, 151, 2) 16.93355073046183
(3927, 201, 2) 15.520521078594319
(3977, 251, 2) 16.401450166437026
(4027, 301, 2) 13.733793419125732
(4077, 351, 2) 17.01918080437895
(4127, 401, 2) 16.707051237131626
(4177, 451, 2) 17.55087569016953
(4227, 501, 2) 15.246900303395497
(4277, 551, 2) 15.060469073260995
(4327, 601, 2) 16.089330770689255
(4377, 651, 2) 18.15195665793491
(4427, 701, 2) 16.69486223888307
(4477, 751, 2) 16.132295238983726
(4527, 801, 2) 15.410526839200584
(4577, 851, 2) 16.13588785242958
(4627, 901, 2) 14.043478668315705
(4677, 951, 2) 17.536973529875436
(4727, 1001, 2) 16.877535099961822
(4777, 1051, 2) 16.186895019572503
(4827, 1101, 2) 17.99650566448904
(4877, 1151, 2) 17.507732488264747
(4927, 1201, 2) 19.445962198142805
(4977, 1251, 2) 16.96362993452835
(5027, 1301, 2) 19.682947381094152
(5077, 1351, 2) 18.088423536803134
(5127, 1401, 2) 16.374840434534555
(5177, 1451, 2) 19.649738303233573
(5227, 1501, 2) 19.846235056293285
(5277, 1551, 2) 17.127007867267874
(5327, 1601, 2) 19.733802769231378
(5377, 1651, 2) 18.346113694878216
(5427, 1701, 2) 20.94015708568284
(5477, 1751, 2) 18.350829385951098
(5527, 1801, 2) 18.859050949357894
(5577, 1851, 2) 19.642981105914895
(5627, 1901, 2) 18.637428822804353
(5677, 1951, 2) 19.390554788696416
(5727, 2001, 2) 20.414332790395136
(5777, 2051, 2) 19.26361853473575
(5827, 2101, 2) 18.61901387837965
(5877, 2151, 2) 21.34857771268472
(5927, 2201, 2) 19.950465642228824
(5977, 2251, 2) 22.056574917812785
(6027, 2301, 2) 18.855262442072682
(6077, 2351, 2) 21.799955515587875
(6127, 2401, 2) 22.200282710909327
(6177, 2451, 2) 20.77386518921227
(6227, 2501, 2) 20.92407987168934
(6277, 2551, 2) 21.58650346882255
(6327, 2601, 2) 18.31861532281456
(6377, 2651, 2) 19.20821170023797
(6427, 2701, 2) 20.55548980601001
(6477, 2751, 2) 21.476097447608357
(6527, 2801, 2) 22.822782701597127
(6577, 2851, 2) 21.44214754092731
(6627, 2901, 2) 23.22146556410734
(6677, 2951, 2) 20.76917875971492
(6727, 3001, 2) 20.961659747015414
(6777, 3051, 2) 23.811945191668475
(6827, 3101, 2) 21.987301631033073
(6877, 3151, 2) 19.778709935065727
(6927, 3201, 2) 21.01776917659293
(6977, 3251, 2) 23.72141703576323
(7027, 3301, 2) 22.462650639090686
(7077, 3351, 2) 25.767406680505868
(7127, 3401, 2) 23.777226594415893
(7177, 3451, 2) 24.554601586083038
(7227, 3501, 2) 23.95344198696425
(7277, 3551, 2) 23.357145840158065
(7327, 3601, 2) 24.022943214921252
(7377, 3651, 2) 23.642088763661363
(7427, 3701, 2) 22.686664485720197
(7453, 1, 3) 23.507116882696025
(7503, 51, 3) 23.895678466951953
(7553, 101, 3) 23.58429957620763
(7603, 151, 3) 24.945337555601984
(7653, 201, 3) 26.674840863915044
(7703, 251, 3) 22.003018635364516
(7753, 301, 3) 23.444290825754678
(7803, 351, 3) 25.16900647421441
(7853, 401, 3) 24.92537852287992
(7903, 451, 3) 25.071808499085698
(7953, 501, 3) 23.044594439158306
(8003, 551, 3) 25.2594894409553
(8053, 601, 3) 23.379718850017923
(8103, 651, 3) 26.08081736135376
(8153, 701, 3) 22.42075052619692
(8203, 751, 3) 24.40206698493281
(8253, 801, 3) 24.740116338629562
(8303, 851, 3) 25.663510497652283
(8353, 901, 3) 24.00626383900687
(8403, 951, 3) 25.16513862580052
(8453, 1001, 3) 24.486956864678582
(8503, 1051, 3) 25.89559205362291
(8553, 1101, 3) 25.026174643484566
(8603, 1151, 3) 24.87975234004425
(8653, 1201, 3) 26.29895323277381
(8703, 1251, 3) 26.263026045775987
(8753, 1301, 3) 24.917791450604106
(8803, 1351, 3) 26.145706096129555
(8853, 1401, 3) 25.79822205629343
(8903, 1451, 3) 27.914154593329005
(8953, 1501, 3) 28.144067137420052
(9003, 1551, 3) 27.872239284722884
(9053, 1601, 3) 26.69730934578681
(9103, 1651, 3) 27.664951930237205
(9153, 1701, 3) 28.608497630826875
(9203, 1751, 3) 27.626663720609987
(9253, 1801, 3) 27.418505930473234
(9303, 1851, 3) 28.723890801694992
(9353, 1901, 3) 27.10835018797716
(9403, 1951, 3) 27.09864859234469
(9453, 2001, 3) 27.834984491945317
(9503, 2051, 3) 26.704614151666917
(9553, 2101, 3) 26.536588545671222
(9603, 2151, 3) 27.436672692187376
(9653, 2201, 3) 30.25639505017372
(9703, 2251, 3) 27.586027586986024
(9753, 2301, 3) 27.98857723906556
(9803, 2351, 3) 28.544216761054344
(9853, 2401, 3) 30.46586459146095
(9903, 2451, 3) 28.74666344990105
(9953, 2501, 3) 28.611549154128323
(10003, 2551, 3) 27.167636279047812
(10053, 2601, 3) 28.10694576639987
(10103, 2651, 3) 28.907949119044737
(10153, 2701, 3) 27.90367118466754
(10203, 2751, 3) 28.719665536196448
(10253, 2801, 3) 29.643415089203263
(10303, 2851, 3) 29.79101150062302
(10353, 2901, 3) 28.54696691389801
(10403, 2951, 3) 28.646249063817358
(10453, 3001, 3) 28.091985874252337
(10503, 3051, 3) 28.21218663958092
(10553, 3101, 3) 28.299935769250343
(10603, 3151, 3) 28.50523717344312
(10653, 3201, 3) 29.304166891671937
(10703, 3251, 3) 30.57635225538379
(10753, 3301, 3) 30.03076216765829
(10803, 3351, 3) 29.600031010098963
(10853, 3401, 3) 29.008637521573583
(10903, 3451, 3) 28.585370235238546
(10953, 3501, 3) 28.836409294092814
(11003, 3551, 3) 28.97959844790988
(11053, 3601, 3) 29.65565030119122
(11103, 3651, 3) 28.98485772604882
(11153, 3701, 3) 26.390915690927187
(11179, 1, 4) 29.291117046962015
(11229, 51, 4) 29.57175649740181
(11279, 101, 4) 30.36023378594588
(11329, 151, 4) 31.130113121063303
(11379, 201, 4) 30.806306605789537
(11429, 251, 4) 28.906010435649907
(11479, 301, 4) 29.86161014969703
(11529, 351, 4) 28.973035465104772
(11579, 401, 4) 29.361482737920817
(11629, 451, 4) 29.12235533218786
(11679, 501, 4) 29.40489809458942
(11729, 551, 4) 31.709133034177036
(11779, 601, 4) 28.642439699242914
(11829, 651, 4) 28.08548988999259
(11879, 701, 4) 29.518074003903422
(11929, 751, 4) 30.315215714256222
(11979, 801, 4) 28.777195331376987
(12029, 851, 4) 28.41396084225701
(12079, 901, 4) 27.302184806684025
(12129, 951, 4) 30.440636989152352
(12179, 1001, 4) 30.63544502342181
(12229, 1051, 4) 28.960405010591224
(12279, 1101, 4) 30.33366838949538
(12329, 1151, 4) 29.79700532801361
(12379, 1201, 4) 29.98225539384504
(12429, 1251, 4) 30.976101991284914
(12479, 1301, 4) 29.646933683173437
(12529, 1351, 4) 31.567583068552565
(12579, 1401, 4) 31.53952152875932
(12629, 1451, 4) 29.82412857932423
(12679, 1501, 4) 31.340151840359763
(12729, 1551, 4) 29.841395150284068
(12779, 1601, 4) 30.45383078450623
(12829, 1651, 4) 29.900999757463808
(12879, 1701, 4) 30.454778229411442
(12929, 1751, 4) 31.383253938446952
(12979, 1801, 4) 29.43076979166803
(13029, 1851, 4) 29.98733356846674
(13079, 1901, 4) 29.366114942268947
(13129, 1951, 4) 31.091542913311386
(13179, 2001, 4) 30.12409362204314
(13229, 2051, 4) 30.045502386804195
(13279, 2101, 4) 29.645020780844415
(13329, 2151, 4) 30.93584586778129
(13379, 2201, 4) 32.09614793671925
(13429, 2251, 4) 31.558502174439564
(13479, 2301, 4) 30.73233343021342
(13529, 2351, 4) 31.676592279632086
(13579, 2401, 4) 30.99671360455133
(13629, 2451, 4) 30.240045288213647
(13679, 2501, 4) 29.756101479998033
(13729, 2551, 4) 30.620734259114084
(13779, 2601, 4) 29.24565407370468
(13829, 2651, 4) 30.97014794840893
(13879, 2701, 4) 31.551229400843066
(13929, 2751, 4) 28.51290191682472
(13979, 2801, 4) 31.478791088451043
(14029, 2851, 4) 30.652776012688328
(14079, 2901, 4) 29.772424529364667
(14129, 2951, 4) 29.655340707707996
(14179, 3001, 4) 30.190739407581678
(14229, 3051, 4) 30.987771921752575
(14279, 3101, 4) 31.5441940506388
(14329, 3151, 4) 29.703654627952528
(14379, 3201, 4) 32.3302285334005
(14429, 3251, 4) 32.321784613910474
(14479, 3301, 4) 30.07055627065427
(14529, 3351, 4) 32.508176596401235
(14579, 3401, 4) 32.7609393604889
(14629, 3451, 4) 32.80246461411283
(14679, 3501, 4) 31.110406336493448
(14729, 3551, 4) 30.241578750255506
(14779, 3601, 4) 31.94922668751369
(14829, 3651, 4) 29.819013189456776
(14879, 3701, 4) 31.214940607329886
