(1, 1, 1) 19.49521049849041
(51, 51, 1) 0
(101, 101, 1) 0
(151, 151, 1) 10.880158479634208
(201, 201, 1) 18.290751445086702
(251, 251, 1) 15.938111603843314
(301, 301, 1) 18.21075451437932
(351, 351, 1) 5.403854098252989
(401, 401, 1) 7.966236842995908
(451, 451, 1) 4.180491421539909
(501, 501, 1) 6.062001834448804
(551, 551, 1) 0.5831624337396235
(601, 601, 1) 1.080551219965809
(651, 651, 1) 0
(701, 701, 1) 0.9057095598408651
(751, 751, 1) 0
(801, 801, 1) 0
(851, 851, 1) 1.503855822619819
(901, 901, 1) 1.145657884658263
(951, 951, 1) 0.09853270738558706
(1001, 1001, 1) 0
(1051, 1051, 1) 2.2800063486895645
(1101, 1101, 1) 1.533300249691795
(1151, 1151, 1) 0.8440588916000991
(1201, 1201, 1) 3.0099945573392404
(1251, 1251, 1) 2.459016082247512
(1301, 1301, 1) 0
(1351, 1351, 1) 0.4001770285798152
(1401, 1401, 1) 1.3780724100111357
(1451, 1451, 1) 0.5908678819047459
(1501, 1501, 1) 0.5429251758434575
(1551, 1551, 1) 2.067859759579452
(1601, 1601, 1) 1.6721651857426671
(1651, 1651, 1) 1.440302692574992
(1701, 1701, 1) 1.1137091059600195
(1751, 1751, 1) 1.2007243521426112
(1801, 1801, 1) 3.898409335389143
(1851, 1851, 1) 1.8787847625989897
(1901, 1901, 1) 0.6501150227196817
(1951, 1951, 1) 0.8070649032418835
(2001, 2001, 1) 1.3681206613451309
(2051, 2051, 1) 2.2020121312352394
(2101, 2101, 1) 1.6186378357041562
(2151, 2151, 1) 0.32349952643672886
(2201, 2201, 1) 1.0244412665061944
(2251, 2251, 1) 1.1011400831181852
(2301, 2301, 1) 1.1425623115500514
(2351, 2351, 1) 0.39596138409011417
(2401, 2401, 1) 0.6267785867410929
(2451, 2451, 1) 2.1347371394479566
(2501, 2501, 1) 0
(2551, 2551, 1) 1.8219731622464792
(2601, 2601, 1) 1.7688162114005799
(2651, 2651, 1) 2.3013762414350616
(2701, 2701, 1) 3.573621270853632
(2751, 2751, 1) 1.3080495231564626
(2801, 2801, 1) 1.2497144282696766
(2851, 2851, 1) 2.379686957296883
(2901, 2901, 1) 0.7368899801401589
(2951, 2951, 1) 1.5853477527000734
(3001, 3001, 1) 1.0210190107780939
(3051, 3051, 1) 1.048091878870622
(3101, 3101, 1) 1.5546539622011686
(3151, 3151, 1) 1.365536107533078
(3201, 3201, 1) 1.8751587548230013
(3251, 3251, 1) 0.8979958722785035
(3301, 3301, 1) 1.2121917476077826
(3351, 3351, 1) 1.1290996757571747
(3401, 3401, 1) 0.7436554760009848
(3451, 3451, 1) 1.5110224828260534
(3501, 3501, 1) 0.7082849707184558
(3551, 3551, 1) 1.2118358040819892
(3601, 3601, 1) 1.1654971132562757
(3651, 3651, 1) 1.2433388250793485
(3701, 3701, 1) 2.22456838712462
(3727, 1, 2) 2.102171433514389
(3777, 51, 2) 2.159111457127043
(3827, 101, 2) 0.8610082767868334
(3877, 151, 2) 0.7639204086605034
(3927, 201, 2) 1.8466335570264611
(3977, 251, 2) 1.1750396615599534
(4027, 301, 2) 2.58779938508259
(4077, 351, 2) 0.3414917773519228
(4127, 401, 2) 1.433819212608249
(4177, 451, 2) 0.6889127888036093
(4227, 501, 2) 1.8793090597294082
(4277, 551, 2) 1.9831985996406054
(4327, 601, 2) 1.3162310668314738
(4377, 651, 2) 1.3242729620376714
(4427, 701, 2) 1.1695163687552643
(4477, 751, 2) 1.6947261789643804
(4527, 801, 2) 2.1645957356119077
(4577, 851, 2) 1.7239438395577373
(4627, 901, 2) 2.6461046562610555
(4677, 951, 2) 1.791797748365962
(4727, 1001, 2) 1.5193289686023626
(4777, 1051, 2) 1.194281616584643
(4827, 1101, 2) 1.2151571605860703
(4877, 1151, 2) 1.7606289940677762
(4927, 1201, 2) 0.9154550303599933
(4977, 1251, 2) 1.8538528296826442
(5027, 1301, 2) 1.0314768960778515
(5077, 1351, 2) 1.1467461073741916
(5127, 1401, 2) 2.6111079698821698
(5177, 1451, 2) 1.710509082711134
(5227, 1501, 2) 1.1384197271718435
(5277, 1551, 2) 2.7623208379152757
(5327, 1601, 2) 1.5837437233718816
(5377, 1651, 2) 2.2142912085829884
(5427, 1701, 2) 1.8004062604062625
(5477, 1751, 2) 2.320854408471643
(5527, 1801, 2) 2.0103222160893033
(5577, 1851, 2) 1.7188883337063068
(5627, 1901, 2) 2.659365625959829
(5677, 1951, 2) 1.4587228747233247
(5727, 2001, 2) 1.9200700763919514
(5777, 2051, 2) 1.8612476950698778
(5827, 2101, 2) 2.564684342374317
(5877, 2151, 2) 0.8709220826825543
(5927, 2201, 2) 2.1786588377269283
(5977, 2251, 2) 1.2256656689224386
(6027, 2301, 2) 2.636286677839241
(6077, 2351, 2) 1.3663011383353698
(6127, 2401, 2) 1.4785537815332468
(6177, 2451, 2) 2.119589139620608
(6227, 2501, 2) 1.462798662524854
(6277, 2551, 2) 2.050818951109033
(6327, 2601, 2) 2.758004831817715
(6377, 2651, 2) 3.180381935200611
(6427, 2701, 2) 2.497934778870622
(6477, 2751, 2) 1.9204742294040358
(6527, 2801, 2) 1.98365509586419
(6577, 2851, 2) 2.6171401295865024
(6627, 2901, 2) 1.9618378630863162
(6677, 2951, 2) 2.9141580158458886
(6727, 3001, 2) 2.382794815795325
(6777, 3051, 2) 1.3908674466583442
(6827, 3101, 2) 2.388955078886571
(6877, 3151, 2) 2.719270156983768
(6927, 3201, 2) 2.9809627171326945
(6977, 3251, 2) 2.2662173617314316
(7027, 3301, 2) 2.7368310672237435
(7077, 3351, 2) 1.6702674442787604
(7127, 3401, 2) 2.051451421670066
(7177, 3451, 2) 2.3481509637367353
(7227, 3501, 2) 2.074332174276716
(7277, 3551, 2) 2.3759135214895295
(7327, 3601, 2) 2.051220300570659
(7377, 3651, 2) 2.267997301339424
(7427, 3701, 2) 2.5538183838262363
(7453, 1, 3) 2.205719700026801
(7503, 51, 3) 2.2063525544073848
(7553, 101, 3) 2.1350247263350965
(7603, 151, 3) 1.7137203286457385
(7653, 201, 3) 2.072794120337342
(7703, 251, 3) 2.776772861529963
(7753, 301, 3) 2.6028268459046444
(7803, 351, 3) 1.4229868586230836
(7853, 401, 3) 2.0110839419859055
(7903, 451, 3) 2.008433486950178
(7953, 501, 3) 2.901354584878053
(8003, 551, 3) 2.196502074793063
(8053, 601, 3) 2.784195621800041
(8103, 651, 3) 1.9756296523362913
(8153, 701, 3) 3.4475761076533438
(8203, 751, 3) 2.6373294055530465
(8253, 801, 3) 2.6932271144716147
(8303, 851, 3) 2.208488331319451
(8353, 901, 3) 2.861731270220961
(8403, 951, 3) 2.5257515415108465
(8453, 1001, 3) 2.2587056697402836
(8503, 1051, 3) 2.4345705679606127
(8553, 1101, 3) 2.2750053976028433
(8603, 1151, 3) 2.6952610126496808
(8653, 1201, 3) 1.2066896173425867
(8703, 1251, 3) 2.4316832329076625
(8753, 1301, 3) 2.0113013795320285
(8803, 1351, 3) 2.2378906006927863
(8853, 1401, 3) 2.2690937880298883
(8903, 1451, 3) 2.047338748425471
(8953, 1501, 3) 2.0799533734182596
(9003, 1551, 3) 2.678891793028111
(9053, 1601, 3) 2.5299798265693774
(9103, 1651, 3) 2.129875754709211
(9153, 1701, 3) 2.5551676584898715
(9203, 1751, 3) 2.252165285286093
(9253, 1801, 3) 2.674253155893897
(9303, 1851, 3) 2.174988921879688
(9353, 1901, 3) 2.5667050658309876
(9403, 1951, 3) 2.768033528663672
(9453, 2001, 3) 2.4629186783343435
(9503, 2051, 3) 2.9304535263664064
(9553, 2101, 3) 2.8094650278852065
(9603, 2151, 3) 2.1360306287679904
(9653, 2201, 3) 2.2129526963200554
(9703, 2251, 3) 2.2817183856715495
(9753, 2301, 3) 2.0581952579555463
(9803, 2351, 3) 1.9888310237937468
(9853, 2401, 3) 1.8651964826724345
(9903, 2451, 3) 2.462401153677053
(9953, 2501, 3) 2.3951455594352815
(10003, 2551, 3) 2.3363447190105298
(10053, 2601, 3) 2.7077930987122265
(10103, 2651, 3) 2.144491196580642
(10153, 2701, 3) 2.845829973444051
(10203, 2751, 3) 2.654166489951219
(10253, 2801, 3) 2.52437265356658
(10303, 2851, 3) 2.436874702517599
(10353, 2901, 3) 3.0623708450521825
(10403, 2951, 3) 2.850270257976536
(10453, 3001, 3) 2.502658692946813
(10503, 3051, 3) 2.777378015117204
(10553, 3101, 3) 2.850469537582587
(10603, 3151, 3) 2.641313250675683
(10653, 3201, 3) 2.2879322958544
(10703, 3251, 3) 2.5189922134374854
(10753, 3301, 3) 2.383096422893484
(10803, 3351, 3) 2.241557945673449
(10853, 3401, 3) 2.323087149046195
(10903, 3451, 3) 2.637810681254191
(10953, 3501, 3) 2.7121481807484678
(11003, 3551, 3) 2.8708096044384384
(11053, 3601, 3) 2.924491905253415
(11103, 3651, 3) 2.595623753683828
(11153, 3701, 3) 3.2685085972184424
(11179, 1, 4) 2.6166710914992173
(11229, 51, 4) 2.750120102104521
(11279, 101, 4) 2.030959680375066
(11329, 151, 4) 2.2607331171264455
(11379, 201, 4) 2.3810271407095627
(11429, 251, 4) 2.7927195956069646
(11479, 301, 4) 2.495300855599499
(11529, 351, 4) 1.7513472622134145
(11579, 401, 4) 2.7412784202035745
(11629, 451, 4) 2.805224627876534
(11679, 501, 4) 2.824645622811264
(11729, 551, 4) 2.193659616284446
(11779, 601, 4) 3.2078023530991153
(11829, 651, 4) 3.0899613960418684
(11879, 701, 4) 2.806509794060446
(11929, 751, 4) 2.63899488373265
(11979, 801, 4) 2.931371525706787
(12029, 851, 4) 3.1457194751336957
(12079, 901, 4) 3.198929171213056
(12129, 951, 4) 2.5793257106885505
(12179, 1001, 4) 2.3581493243104497
(12229, 1051, 4) 2.6922873195356836
(12279, 1101, 4) 2.4986888939290886
(12329, 1151, 4) 2.7403038395449606
(12379, 1201, 4) 1.8861075385546968
(12429, 1251, 4) 2.5354709047532253
(12479, 1301, 4) 2.9184696668064305
(12529, 1351, 4) 2.4865206495436674
(12579, 1401, 4) 2.4270258246013334
(12629, 1451, 4) 2.58390027074498
(12679, 1501, 4) 2.449469596289962
(12729, 1551, 4) 3.218235390363091
(12779, 1601, 4) 2.7773076480940873
(12829, 1651, 4) 2.7307910624502583
(12879, 1701, 4) 2.345890228130127
(12929, 1751, 4) 2.3498574918732373
(12979, 1801, 4) 2.8945095267858
(13029, 1851, 4) 2.5165851932809282
(13079, 1901, 4) 2.610539961446257
(13129, 1951, 4) 2.0557346677290163
(13179, 2001, 4) 2.993387385248788
(13229, 2051, 4) 2.8826920398659546
(13279, 2101, 4) 2.994325536779616
(13329, 2151, 4) 2.7616891087089783
(13379, 2201, 4) 2.4322385748095066
(13429, 2251, 4) 2.254337458359135
(13479, 2301, 4) 2.621443079284724
(13529, 2351, 4) 2.4327930003848657
(13579, 2401, 4) 2.4623865343509728
(13629, 2451, 4) 2.8499954715077607
(13679, 2501, 4) 3.297113025878293
(13729, 2551, 4) 2.6427777345472485
(13779, 2601, 4) 2.9335242399284454
(13829, 2651, 4) 2.616955819081941
(13879, 2701, 4) 2.95591420082145
(13929, 2751, 4) 3.1570190924687935
(13979, 2801, 4) 2.7387003223737345
(14029, 2851, 4) 2.56575806479589
(14079, 2901, 4) 3.201878380113424
(14129, 2951, 4) 3.057321944322201
(14179, 3001, 4) 2.974201333900403
(14229, 3051, 4) 3.0676710473770363
(14279, 3101, 4) 2.9447555954377798
(14329, 3151, 4) 2.9589467127575517
(14379, 3201, 4) 2.5843145417656075
(14429, 3251, 4) 2.239946462856299
(14479, 3301, 4) 2.405852489651945
(14529, 3351, 4) 2.6749438684429485
(14579, 3401, 4) 2.502057005234871
(14629, 3451, 4) 2.5785303988519743
(14679, 3501, 4) 2.988530707496775
(14729, 3551, 4) 2.9217830966497083
(14779, 3601, 4) 2.639398442084385
(14829, 3651, 4) 3.0630023033425324
(14879, 3701, 4) 3.054168245431544
