(1, 1, 1) 11.797669795314961
(21, 21, 1) 9.447306457520193
(41, 41, 1) 7.4170116268744835
(61, 61, 1) 7.246236493832804
(81, 81, 1) 7.175405323075564
(101, 101, 1) 7.1372490735952905
(121, 121, 1) 7.139478792992337
(141, 141, 1) 7.159138930359816
(161, 161, 1) 7.080421262472552
(181, 181, 1) 6.9155248870148665
(201, 201, 1) 6.878725019361147
(221, 221, 1) 6.787516295153177
(241, 241, 1) 6.712764605731787
(261, 261, 1) 6.680195660409451
(281, 281, 1) 6.5993839336890305
(301, 301, 1) 6.611321990421651
(321, 321, 1) 6.488104915774078
(341, 341, 1) 6.444552948691372
(361, 361, 1) 6.47302474100419
(381, 381, 1) 6.379429019850056
(401, 401, 1) 6.433855294869906
(421, 421, 1) 6.366486309186937
(441, 441, 1) 6.27799806418563
(461, 461, 1) 6.307349164648409
(481, 481, 1) 6.329889472154199
(501, 501, 1) 6.244061925688964
(521, 521, 1) 6.180650818330717
(541, 541, 1) 6.226430688884393
(561, 561, 1) 6.183838516417307
(581, 581, 1) 6.162227214955353
(601, 601, 1) 6.135262769905592
(621, 621, 1) 6.136802581114817
(641, 641, 1) 6.085197468409798
(661, 661, 1) 6.129624941017994
(681, 681, 1) 6.071581001589955
(701, 701, 1) 6.0034250520771115
(721, 721, 1) 6.0737174480279625
(741, 741, 1) 6.09044052421616
(761, 761, 1) 5.935683577152902
(781, 781, 1) 5.947771044026441
(801, 801, 1) 5.996674577514135
(821, 821, 1) 5.982761692342512
(841, 841, 1) 5.94991719415777
(861, 861, 1) 5.956067838982543
(881, 881, 1) 5.899829479495296
(901, 901, 1) 5.909659229320643
(921, 921, 1) 5.881458506803785
(941, 941, 1) 5.850294426140068
(961, 961, 1) 5.836893569574677
(981, 981, 1) 5.7606658952766185
(1001, 1001, 1) 5.790108776011538
(1021, 1021, 1) 5.824706259420276
(1041, 1041, 1) 5.758364931531649
(1061, 1061, 1) 5.744088603007247
(1081, 1081, 1) 5.751617270631778
(1101, 1101, 1) 5.769601329034467
(1121, 1121, 1) 5.762318931878598
(1141, 1141, 1) 5.819212466589948
(1161, 1161, 1) 5.757107928252021
(1181, 1181, 1) 5.730603655510925
(1201, 1201, 1) 5.698163117710648
(1221, 1221, 1) 5.706656610977529
(1241, 1241, 1) 5.635188548214761
(1261, 1261, 1) 5.648192297263726
(1281, 1281, 1) 5.703081887627465
(1301, 1301, 1) 5.685214786145037
(1321, 1321, 1) 5.674992960177525
(1341, 1341, 1) 5.582192876948376
(1361, 1361, 1) 5.66481562368512
(1381, 1381, 1) 5.631992946245825
(1401, 1401, 1) 5.678252014821918
(1421, 1421, 1) 5.64975548281476
(1441, 1441, 1) 5.537204493651238
(1461, 1461, 1) 5.589089993948138
(1481, 1481, 1) 5.486898289793637
(1501, 1501, 1) 5.537465095745423
(1521, 1521, 1) 5.608235549587104
(1541, 1541, 1) 5.522552350898573
(1561, 1561, 1) 5.62742301392607
(1581, 1581, 1) 5.518280395294845
(1601, 1601, 1) 5.5390162242099255
(1621, 1621, 1) 5.490313240629648
(1641, 1641, 1) 5.423885337618674
(1661, 1661, 1) 5.434635891725476
(1681, 1681, 1) 5.534773032509469
(1701, 1701, 1) 5.480202255498331
(1721, 1721, 1) 5.46290702437461
(1741, 1741, 1) 5.506433229350318
(1761, 1761, 1) 5.468343405081122
(1781, 1781, 1) 5.450932942194255
(1801, 1801, 1) 5.512300884662891
(1821, 1821, 1) 5.414112317382408
(1841, 1841, 1) 5.3458391000451595
(1861, 1861, 1) 5.444464119640433
(1881, 1881, 1) 5.410499002333576
(1901, 1901, 1) 5.4173126310250925
(1921, 1921, 1) 5.368534160241934
(1941, 1941, 1) 5.393268181699288
(1961, 1961, 1) 5.436135483440105
(1981, 1981, 1) 5.4253193235317045
(2001, 2001, 1) 5.42821792462153
(2021, 2021, 1) 5.4000345359830915
(2041, 2041, 1) 5.3194298706830825
(2061, 2061, 1) 5.339576951482516
(2081, 2081, 1) 5.307602028522222
(2101, 2101, 1) 5.361972782501097
(2121, 2121, 1) 5.363600492973179
(2141, 2141, 1) 5.1849471997420515
(2161, 2161, 1) 5.344322229553752
(2181, 2181, 1) 5.295507819352641
(2201, 2201, 1) 5.309678715589102
(2221, 2221, 1) 5.292415250034751
(2241, 2241, 1) 5.252401632563975
(2261, 2261, 1) 5.2254631727977205
(2281, 2281, 1) 5.239024015331186
(2301, 2301, 1) 5.172407086747315
(2321, 2321, 1) 5.177845051501465
(2341, 2341, 1) 5.2224391690752165
(2361, 2361, 1) 5.215548856335742
(2381, 2381, 1) 5.21069368415427
(2401, 2401, 1) 5.2669077719358155
(2421, 2421, 1) 5.182965879786853
(2441, 2441, 1) 5.181539204847051
(2461, 2461, 1) 5.1690908621917195
(2481, 2481, 1) 5.140949034992795
(2501, 2501, 1) 5.22700934601428
(2521, 2521, 1) 5.161268452667565
(2541, 2541, 1) 5.1781887472672
(2561, 2561, 1) 5.153509607775448
(2581, 2581, 1) 5.15697739633956
(2601, 2601, 1) 5.134326652926838
(2621, 2621, 1) 5.151607930384091
(2641, 2641, 1) 5.071768970197657
(2661, 2661, 1) 5.1476912972209465
(2681, 2681, 1) 5.183952988107804
(2701, 2701, 1) 5.069313052059907
(2721, 2721, 1) 5.016158948804048
(2741, 2741, 1) 5.042741502401108
(2761, 2761, 1) 5.051289102117401
(2781, 2781, 1) 5.038583013362484
(2801, 2801, 1) 5.090136004596778
(2821, 2821, 1) 5.086852509222965
(2841, 2841, 1) 5.0223833166574305
(2861, 2861, 1) 5.070840178516303
(2881, 2881, 1) 5.00034579607214
(2901, 2901, 1) 4.966748073323554
(2921, 2921, 1) 5.004985186474516
(2941, 2941, 1) 4.955072696761087
(2961, 2961, 1) 4.9617285840590855
(2981, 2981, 1) 5.015991507544278
(3001, 3001, 1) 4.9777502872455175
(3021, 3021, 1) 5.0056291454304676
(3041, 3041, 1) 4.94179730926991
(3061, 3061, 1) 4.9374704144871995
(3081, 3081, 1) 4.896159282568658
(3101, 3101, 1) 4.978963700906
(3121, 3121, 1) 4.960574105135375
(3141, 3141, 1) 4.946941454339829
(3161, 3161, 1) 4.946541783763649
(3181, 3181, 1) 4.907740872142934
(3201, 3201, 1) 4.9781681638861155
(3221, 3221, 1) 4.914943500262177
(3241, 3241, 1) 4.884508720223664
(3261, 3261, 1) 4.87526579505494
(3281, 3281, 1) 4.875084391745844
(3301, 3301, 1) 4.858134603224039
(3321, 3321, 1) 4.932608016078766
(3341, 3341, 1) 4.884230264950014
(3361, 3361, 1) 4.822848865176864
(3381, 3381, 1) 4.837076847428306
(3401, 3401, 1) 4.787061201835173
(3421, 3421, 1) 4.817356986051264
(3441, 3441, 1) 4.785666186235453
(3461, 3461, 1) 4.841877479074209
(3481, 3481, 1) 4.819044724557077
(3501, 3501, 1) 4.804618169634054
(3521, 3521, 1) 4.766832786501262
(3541, 3541, 1) 4.8452555389820375
(3561, 3561, 1) 4.878521964525923
(3581, 3581, 1) 4.852164722845275
(3601, 3601, 1) 4.740232101104245
(3621, 3621, 1) 4.800808671367124
(3641, 3641, 1) 4.715591554750519
(3661, 3661, 1) 4.762762496535926
(3681, 3681, 1) 4.73788790784227
(3701, 3701, 1) 4.7903622710453515
(3721, 3721, 1) 4.692651871521068
(3727, 1, 2) 4.84409483990061
(3747, 21, 2) 4.66765085189055
(3767, 41, 2) 4.613302395665455
(3787, 61, 2) 4.574005590951769
(3807, 81, 2) 4.600372188092258
(3827, 101, 2) 4.5755539784046
(3847, 121, 2) 4.708994657556152
(3867, 141, 2) 4.713606372787283
(3887, 161, 2) 4.70839001671965
(3907, 181, 2) 4.554802884188989
(3927, 201, 2) 4.598477153675093
(3947, 221, 2) 4.491470384375668
(3967, 241, 2) 4.507190708230609
(3987, 261, 2) 4.518583557885437
(4007, 281, 2) 4.493555340390066
(4027, 301, 2) 4.559315161516654
(4047, 321, 2) 4.510390304943882
(4067, 341, 2) 4.50615981130138
(4087, 361, 2) 4.586450549619679
(4107, 381, 2) 4.443635841066753
(4127, 401, 2) 4.550628483278176
(4147, 421, 2) 4.536476532580589
(4167, 441, 2) 4.444881107087155
(4187, 461, 2) 4.487453343930886
(4207, 481, 2) 4.50203664616554
(4227, 501, 2) 4.441784662404311
(4247, 521, 2) 4.409022476301373
(4267, 541, 2) 4.477205227730579
(4287, 561, 2) 4.411759770802331
(4307, 581, 2) 4.4284718304876804
(4327, 601, 2) 4.400804926904074
(4347, 621, 2) 4.389325543440679
(4367, 641, 2) 4.399481111297897
(4387, 661, 2) 4.466828854967579
(4407, 681, 2) 4.4321038962979795
(4427, 701, 2) 4.3605661917343514
(4447, 721, 2) 4.428190274540674
(4467, 741, 2) 4.436004977384685
(4487, 761, 2) 4.315584781949624
(4507, 781, 2) 4.364021973782544
(4527, 801, 2) 4.392904501279252
(4547, 821, 2) 4.407239199241701
(4567, 841, 2) 4.383442111152552
(4587, 861, 2) 4.334752671794396
(4607, 881, 2) 4.379168905750243
(4627, 901, 2) 4.375561312094755
(4647, 921, 2) 4.329387619796842
(4667, 941, 2) 4.316053425770903
(4687, 961, 2) 4.2939967278951485
(4707, 981, 2) 4.2950680453893195
(4727, 1001, 2) 4.2587190081477075
(4747, 1021, 2) 4.333517790972727
(4767, 1041, 2) 4.231801060244251
(4787, 1061, 2) 4.21851400967033
(4807, 1081, 2) 4.245122019348227
(4827, 1101, 2) 4.315516835815571
(4847, 1121, 2) 4.290632710087346
(4867, 1141, 2) 4.356434615111232
(4887, 1161, 2) 4.239000189934985
(4907, 1181, 2) 4.252916412454366
(4927, 1201, 2) 4.2631994276045715
(4947, 1221, 2) 4.225744021917126
(4967, 1241, 2) 4.171229294540423
(4987, 1261, 2) 4.1971004343920315
(5007, 1281, 2) 4.269176019895005
(5027, 1301, 2) 4.245384805353927
(5047, 1321, 2) 4.195184512468448
(5067, 1341, 2) 4.143846195645513
(5087, 1361, 2) 4.199505756040436
(5107, 1381, 2) 4.143776391020966
(5127, 1401, 2) 4.221105646462674
(5147, 1421, 2) 4.172418158645839
(5167, 1441, 2) 4.098156103176364
(5187, 1461, 2) 4.207621077881586
(5207, 1481, 2) 4.090829103506151
(5227, 1501, 2) 4.1363192755699245
(5247, 1521, 2) 4.151409969572264
(5267, 1541, 2) 4.078892364009614
(5287, 1561, 2) 4.227332088011595
(5307, 1581, 2) 4.085829815329818
(5327, 1601, 2) 4.117602147098412
(5347, 1621, 2) 4.072698644302871
(5367, 1641, 2) 4.011108921286015
(5387, 1661, 2) 4.055613531998906
(5407, 1681, 2) 4.109312775534626
(5427, 1701, 2) 4.082416738363757
(5447, 1721, 2) 4.06605686711093
(5467, 1741, 2) 4.127177137004147
(5487, 1761, 2) 3.9941057823112684
(5507, 1781, 2) 4.095394668824327
(5527, 1801, 2) 4.155768264680177
(5547, 1821, 2) 4.074337916482564
(5567, 1841, 2) 3.9980950880617043
(5587, 1861, 2) 4.130792355694306
(5607, 1881, 2) 4.077668092685853
(5627, 1901, 2) 4.031649328336501
(5647, 1921, 2) 3.9341550457615044
(5667, 1941, 2) 4.045367013645058
(5687, 1961, 2) 4.031120001150038
(5707, 1981, 2) 4.074000716748364
(5727, 2001, 2) 4.052303385974691
(5747, 2021, 2) 4.020154044893049
(5767, 2041, 2) 3.9261416898123764
(5787, 2061, 2) 4.015214667708928
(5807, 2081, 2) 3.977151444109483
(5827, 2101, 2) 4.020953048524012
(5847, 2121, 2) 3.9960604838471134
(5867, 2141, 2) 3.912855954265715
(5887, 2161, 2) 4.024141947920502
(5907, 2181, 2) 3.958834966210881
(5927, 2201, 2) 3.940687418762045
(5947, 2221, 2) 3.957145969431405
(5967, 2241, 2) 3.9350774018745143
(5987, 2261, 2) 3.940190912239386
(6007, 2281, 2) 3.906451162140262
(6027, 2301, 2) 3.8775475048402313
(6047, 2321, 2) 3.9131548094477298
(6067, 2341, 2) 3.9252318130633546
(6087, 2361, 2) 3.9721247310174865
(6107, 2381, 2) 3.906401891446729
(6127, 2401, 2) 3.9560272413986484
(6147, 2421, 2) 3.9389858363415575
(6167, 2441, 2) 3.8864164322691757
(6187, 2461, 2) 3.8360425562086995
(6207, 2481, 2) 3.8263295483334714
(6227, 2501, 2) 3.933664129905723
(6247, 2521, 2) 3.839421504013557
(6267, 2541, 2) 3.921215054867224
(6287, 2561, 2) 3.9002295898581587
(6307, 2581, 2) 3.8854202872858274
(6327, 2601, 2) 3.8773505666881967
(6347, 2621, 2) 3.9343827425600906
(6367, 2641, 2) 3.8363650387812536
(6387, 2661, 2) 3.88372742405308
(6407, 2681, 2) 3.917444930544658
(6427, 2701, 2) 3.8076765272194186
(6447, 2721, 2) 3.843231672631319
(6467, 2741, 2) 3.8096643847727827
(6487, 2761, 2) 3.8165728919482333
(6507, 2781, 2) 3.763621157911092
(6527, 2801, 2) 3.9154723455884386
(6547, 2821, 2) 3.8836155656600377
(6567, 2841, 2) 3.8163312651514807
(6587, 2861, 2) 3.851298198001288
(6607, 2881, 2) 3.701160957810854
(6627, 2901, 2) 3.7806251515938087
(6647, 2921, 2) 3.77962874669151
(6667, 2941, 2) 3.696403805627972
(6687, 2961, 2) 3.7893753165761517
(6707, 2981, 2) 3.796525959270427
(6727, 3001, 2) 3.7909648536539615
(6747, 3021, 2) 3.84215309348995
(6767, 3041, 2) 3.7095594606978253
(6787, 3061, 2) 3.746398825138597
(6807, 3081, 2) 3.7229155829051477
(6827, 3101, 2) 3.8188428554136586
(6847, 3121, 2) 3.8010172182866304
(6867, 3141, 2) 3.8240221940484758
(6887, 3161, 2) 3.7615840307573896
(6907, 3181, 2) 3.7605978453152646
(6927, 3201, 2) 3.8543925945823334
(6947, 3221, 2) 3.750020122204508
(6967, 3241, 2) 3.6713255400029183
(6987, 3261, 2) 3.7239516435871516
(7007, 3281, 2) 3.71528911380771
(7027, 3301, 2) 3.737729782669843
(7047, 3321, 2) 3.8060189403961795
(7067, 3341, 2) 3.7659407944285404
(7087, 3361, 2) 3.674022510815847
(7107, 3381, 2) 3.673979884235848
(7127, 3401, 2) 3.6651782558947703
(7147, 3421, 2) 3.6608077166843764
(7167, 3441, 2) 3.604829612430886
(7187, 3461, 2) 3.6716651851998243
(7207, 3481, 2) 3.7060041094219818
(7227, 3501, 2) 3.74071886902059
(7247, 3521, 2) 3.647600203067019
(7267, 3541, 2) 3.7609085302816623
(7287, 3561, 2) 3.799968979509528
(7307, 3581, 2) 3.713839779962958
(7327, 3601, 2) 3.6229027958756
(7347, 3621, 2) 3.642881092769913
(7367, 3641, 2) 3.6231443581628233
(7387, 3661, 2) 3.6874539009553464
(7407, 3681, 2) 3.6461510301124433
(7427, 3701, 2) 3.682800536590574
(7447, 3721, 2) 3.6393769228141677
(7453, 1, 3) 3.674227496322413
(7473, 21, 3) 3.6189497478275676
(7493, 41, 3) 3.5673976992285836
(7513, 61, 3) 3.5103276020518748
(7533, 81, 3) 3.5492926101957254
(7553, 101, 3) 3.5525435861822685
(7573, 121, 3) 3.6929746982853033
(7593, 141, 3) 3.7147591176014196
(7613, 161, 3) 3.719303236218182
(7633, 181, 3) 3.5739391828752267
(7653, 201, 3) 3.5799393031399434
(7673, 221, 3) 3.511444896185124
(7693, 241, 3) 3.5849605653845003
(7713, 261, 3) 3.5465072918436036
(7733, 281, 3) 3.501829855615611
(7753, 301, 3) 3.5451708224869636
(7773, 321, 3) 3.5283849031155974
(7793, 341, 3) 3.5803606056471606
(7813, 361, 3) 3.6401183794068563
(7833, 381, 3) 3.4600595036771318
(7853, 401, 3) 3.5660604591862843
(7873, 421, 3) 3.6221346892393917
(7893, 441, 3) 3.5390296688710046
(7913, 461, 3) 3.5876047523371
(7933, 481, 3) 3.5625258929184134
(7953, 501, 3) 3.5101386448517764
(7973, 521, 3) 3.467931321460731
(7993, 541, 3) 3.5117500623690403
(8013, 561, 3) 3.4574431255673965
(8033, 581, 3) 3.5046839631891458
(8053, 601, 3) 3.440879429345462
(8073, 621, 3) 3.4637797620092785
(8093, 641, 3) 3.4710839526635966
(8113, 661, 3) 3.508918033006988
(8133, 681, 3) 3.52907021693665
(8153, 701, 3) 3.4596357725682774
(8173, 721, 3) 3.491016641411771
(8193, 741, 3) 3.4673999793036847
(8213, 761, 3) 3.435416608282181
(8233, 781, 3) 3.4939581714758696
(8253, 801, 3) 3.478053831863788
(8273, 821, 3) 3.5285554784401967
(8293, 841, 3) 3.5264369415162293
(8313, 861, 3) 3.4013387243912234
(8333, 881, 3) 3.517321118595111
(8353, 901, 3) 3.4994463715888293
(8373, 921, 3) 3.4547569171250956
(8393, 941, 3) 3.4494406635790695
(8413, 961, 3) 3.4574169858419226
(8433, 981, 3) 3.4415539143191487
(8453, 1001, 3) 3.3749483011049195
(8473, 1021, 3) 3.4874594527578275
(8493, 1041, 3) 3.390907117496924
(8513, 1061, 3) 3.3893001550818562
(8533, 1081, 3) 3.44366478317603
(8553, 1101, 3) 3.4950055361371946
(8573, 1121, 3) 3.4480177511876966
(8593, 1141, 3) 3.5039688493215975
(8613, 1161, 3) 3.359176768631832
(8633, 1181, 3) 3.4127688230189186
(8653, 1201, 3) 3.4522154921465336
(8673, 1221, 3) 3.406922862801217
(8693, 1241, 3) 3.3646403974800463
(8713, 1261, 3) 3.3584685160658645
(8733, 1281, 3) 3.447890541156755
(8753, 1301, 3) 3.4279236170177896
(8773, 1321, 3) 3.3695708607581487
(8793, 1341, 3) 3.3578161917960876
(8813, 1361, 3) 3.395354005146648
(8833, 1381, 3) 3.3329070796768923
(8853, 1401, 3) 3.3854258828472608
(8873, 1421, 3) 3.387351655987625
(8893, 1441, 3) 3.313761503539511
(8913, 1461, 3) 3.4276396849888755
(8933, 1481, 3) 3.321189216912983
(8953, 1501, 3) 3.3624676232983908
(8973, 1521, 3) 3.3626821379357494
(8993, 1541, 3) 3.2592804611910573
(9013, 1561, 3) 3.4589874660680557
(9033, 1581, 3) 3.3171501157362173
(9053, 1601, 3) 3.3794823388383484
(9073, 1621, 3) 3.3139046182525007
(9093, 1641, 3) 3.2560594208592177
(9113, 1661, 3) 3.3037976945491487
(9133, 1681, 3) 3.3484989604269764
(9153, 1701, 3) 3.3144123576713915
(9173, 1721, 3) 3.3134231213540537
(9193, 1741, 3) 3.380108404202437
(9213, 1761, 3) 3.235816955211643
(9233, 1781, 3) 3.3644366949789037
(9253, 1801, 3) 3.4298657163262454
(9273, 1821, 3) 3.36102351276485
(9293, 1841, 3) 3.2672472275942654
(9313, 1861, 3) 3.4035882208045884
(9333, 1881, 3) 3.342112234899581
(9353, 1901, 3) 3.3208517868776433
(9373, 1921, 3) 3.209940784119214
(9393, 1941, 3) 3.331902411388497
(9413, 1961, 3) 3.279599319621495
(9433, 1981, 3) 3.353375906611896
(9453, 2001, 3) 3.3230365430827673
(9473, 2021, 3) 3.325174449778479
(9493, 2041, 3) 3.2180702021224805
(9513, 2061, 3) 3.3426084327194223
(9533, 2081, 3) 3.2721477695850973
(9553, 2101, 3) 3.3038369706621475
(9573, 2121, 3) 3.279072185716622
(9593, 2141, 3) 3.2446496261067126
(9613, 2161, 3) 3.351640783384969
(9633, 2181, 3) 3.257862402583451
(9653, 2201, 3) 3.2241524908594585
(9673, 2221, 3) 3.2972901284128513
(9693, 2241, 3) 3.27295097493204
(9713, 2261, 3) 3.3077578097308495
(9733, 2281, 3) 3.2010768936171745
(9753, 2301, 3) 3.2161459476814955
(9773, 2321, 3) 3.3080248008911104
(9793, 2341, 3) 3.2714383497024158
(9813, 2361, 3) 3.3672627942026407
(9833, 2381, 3) 3.2417147599121527
(9853, 2401, 3) 3.294152188430825
(9873, 2421, 3) 3.2905519453489207
(9893, 2441, 3) 3.2231728638890815
(9913, 2461, 3) 3.1919328876628845
(9933, 2481, 3) 3.1624940868743945
(9953, 2501, 3) 3.302564199406811
(9973, 2521, 3) 3.1624804587243736
(9993, 2541, 3) 3.287667008384647
(10013, 2561, 3) 3.259336300316165
(10033, 2581, 3) 3.2265590757871636
(10053, 2601, 3) 3.2494890467018265
(10073, 2621, 3) 3.3312809424214933
(10093, 2641, 3) 3.2317555097836914
(10113, 2661, 3) 3.2432542485453753
(10133, 2681, 3) 3.2869198642063524
(10153, 2701, 3) 3.1665522968735376
(10173, 2721, 3) 3.2251965745756266
(10193, 2741, 3) 3.1937586460813927
(10213, 2761, 3) 3.2005787145966904
(10233, 2781, 3) 3.157191826726403
(10253, 2801, 3) 3.310772511252447
(10273, 2821, 3) 3.2404701681426764
(10293, 2841, 3) 3.228661017769692
(10313, 2861, 3) 3.244153901080955
(10333, 2881, 3) 3.047948729462129
(10353, 2901, 3) 3.1982262479077344
(10373, 2921, 3) 3.1758156937913364
(10393, 2941, 3) 3.094986821622948
(10413, 2961, 3) 3.20156633135732
(10433, 2981, 3) 3.2226891327134637
(10453, 3001, 3) 3.2307565658447337
(10473, 3021, 3) 3.2407793033837025
(10493, 3041, 3) 3.081209711485628
(10513, 3061, 3) 3.1605720569297837
(10533, 3081, 3) 3.1437018571858326
(10553, 3101, 3) 3.2709479643943076
(10573, 3121, 3) 3.2316698241505484
(10593, 3141, 3) 3.248308262458383
(10613, 3161, 3) 3.1864211143152117
(10633, 3181, 3) 3.196552438642103
(10653, 3201, 3) 3.2742246923950105
(10673, 3221, 3) 3.176805196868889
(10693, 3241, 3) 3.0835167380333046
(10713, 3261, 3) 3.174234544227594
(10733, 3281, 3) 3.1648063412545953
(10753, 3301, 3) 3.2091937293770543
(10773, 3321, 3) 3.2515179144937876
(10793, 3341, 3) 3.210327309890753
(10813, 3361, 3) 3.1353396085435583
(10833, 3381, 3) 3.128551847799944
(10853, 3401, 3) 3.1161663412848677
(10873, 3421, 3) 3.1378715689908154
(10893, 3441, 3) 3.050996954640868
(10913, 3461, 3) 3.1291121840715226
(10933, 3481, 3) 3.1840861634342987
(10953, 3501, 3) 3.2476720346034944
(10973, 3521, 3) 3.1120593079905854
(10993, 3541, 3) 3.212274340783354
(11013, 3561, 3) 3.254680482806431
(11033, 3581, 3) 3.188611080303867
(11053, 3601, 3) 3.08949349916013
(11073, 3621, 3) 3.083925669199271
(11093, 3641, 3) 3.106185450949599
(11113, 3661, 3) 3.1731723093766555
(11133, 3681, 3) 3.1185349890269576
(11153, 3701, 3) 3.1685418354158843
(11173, 3721, 3) 3.1302250338065383
(11179, 1, 4) 3.177615911780316
(11199, 21, 4) 3.126674218192924
(11219, 41, 4) 3.0677808019520514
(11239, 61, 4) 3.026985729024192
(11259, 81, 4) 3.057729242364924
(11279, 101, 4) 3.0765307371191826
(11299, 121, 4) 3.185778895391472
(11319, 141, 4) 3.197371090880625
(11339, 161, 4) 3.2491017203353154
(11359, 181, 4) 3.093502329417528
(11379, 201, 4) 3.0643869492993887
(11399, 221, 4) 3.0137057689060764
(11419, 241, 4) 3.1302294354809663
(11439, 261, 4) 3.0887960104532746
(11459, 281, 4) 3.034593325950478
(11479, 301, 4) 3.0503312668267974
(11499, 321, 4) 3.0762564181963206
(11519, 341, 4) 3.136927432815828
(11539, 361, 4) 3.1505832169257824
(11559, 381, 4) 2.985450471056388
(11579, 401, 4) 3.085550119639271
(11599, 421, 4) 3.2012416678839855
(11619, 441, 4) 3.071669805855849
(11639, 461, 4) 3.1352938017729164
(11659, 481, 4) 3.0838835098714794
(11679, 501, 4) 3.0649753823345063
(11699, 521, 4) 3.012799012519035
(11719, 541, 4) 3.02113163512849
(11739, 561, 4) 2.9743880929711057
(11759, 581, 4) 3.0928264533513925
(11779, 601, 4) 2.977813137569425
(11799, 621, 4) 3.0124908589451875
(11819, 641, 4) 3.0556270457855046
(11839, 661, 4) 3.081969935852622
(11859, 681, 4) 3.07342776407053
(11879, 701, 4) 3.0609121981269505
(11899, 721, 4) 3.071115562790818
(11919, 741, 4) 3.0207539909540415
(11939, 761, 4) 3.0214425012898767
(11959, 781, 4) 3.09808773864674
(11979, 801, 4) 3.067648590340287
(11999, 821, 4) 3.096699679456784
(12019, 841, 4) 3.1285178158598717
(12039, 861, 4) 3.0105535778079893
(12059, 881, 4) 3.098082304048005
(12079, 901, 4) 3.058954883334777
(12099, 921, 4) 3.0397820388286254
(12119, 941, 4) 3.0360774619859634
(12139, 961, 4) 3.051035836969374
(12159, 981, 4) 3.05007882599232
(12179, 1001, 4) 2.9546624146433746
(12199, 1021, 4) 3.061645377426105
(12219, 1041, 4) 2.957849473072324
(12239, 1061, 4) 2.9681776893509904
(12259, 1081, 4) 3.0184032337082574
(12279, 1101, 4) 3.1178300945681157
(12299, 1121, 4) 3.0602742936341003
(12319, 1141, 4) 3.0971226229933158
(12339, 1161, 4) 2.9327548358554214
(12359, 1181, 4) 2.9926835805618626
(12379, 1201, 4) 3.061860244379007
(12399, 1221, 4) 2.996636106915361
(12419, 1241, 4) 2.987302391251279
(12439, 1261, 4) 2.981501937440046
(12459, 1281, 4) 3.044243782756778
(12479, 1301, 4) 3.0200871471014787
(12499, 1321, 4) 2.9431982801092222
(12519, 1341, 4) 2.9984356650504136
(12539, 1361, 4) 2.9967854570582144
(12559, 1381, 4) 2.929373136034827
(12579, 1401, 4) 2.9791426570251893
(12599, 1421, 4) 2.9651493391168273
(12619, 1441, 4) 2.934830961384088
(12639, 1461, 4) 3.055177734167285
(12659, 1481, 4) 2.926865392171529
(12679, 1501, 4) 2.9945770651295387
(12699, 1521, 4) 2.994748932457279
(12719, 1541, 4) 2.8735026083541713
(12739, 1561, 4) 3.086207785562274
(12759, 1581, 4) 2.9339253470005113
(12779, 1601, 4) 2.9917351352499812
(12799, 1621, 4) 2.9374419002257413
(12819, 1641, 4) 2.893680628227327
(12839, 1661, 4) 2.9293214521652873
(12859, 1681, 4) 3.0050503482400015
(12879, 1701, 4) 2.955592045420789
(12899, 1721, 4) 2.9458339078354436
(12919, 1741, 4) 3.0090902232815786
(12939, 1761, 4) 2.8378320950701026
(12959, 1781, 4) 2.997708399575748
(12979, 1801, 4) 3.0567488814653094
(12999, 1821, 4) 2.9875543813843466
(13019, 1841, 4) 2.9054354047746274
(13039, 1861, 4) 3.042893005298155
(13059, 1881, 4) 2.99594081227866
(13079, 1901, 4) 2.958799243756153
(13099, 1921, 4) 2.857956781032076
(13119, 1941, 4) 2.9714141426256204
(13139, 1961, 4) 2.938400362762222
(13159, 1981, 4) 2.9872370030821203
(13179, 2001, 4) 2.9398024101570908
(13199, 2021, 4) 2.9598017401300076
(13219, 2041, 4) 2.836889910995777
(13239, 2061, 4) 2.982262344517921
(13259, 2081, 4) 2.9068488225568685
(13279, 2101, 4) 2.960497639650007
(13299, 2121, 4) 2.930263013130534
(13319, 2141, 4) 2.8909068719196562
(13339, 2161, 4) 3.0139671002562998
(13359, 2181, 4) 2.8912995888186686
(13379, 2201, 4) 2.894571827174453
(13399, 2221, 4) 2.9812141348660113
(13419, 2241, 4) 2.949413542467904
(13439, 2261, 4) 2.9914572610056034
(13459, 2281, 4) 2.848703300100966
(13479, 2301, 4) 2.856303142684858
(13499, 2321, 4) 2.9610438471584546
(13519, 2341, 4) 2.926354670177989
(13539, 2361, 4) 3.0192661742462765
(13559, 2381, 4) 2.886672803193404
(13579, 2401, 4) 2.938125601660922
(13599, 2421, 4) 2.9634054626670903
(13619, 2441, 4) 2.917406873245036
(13639, 2461, 4) 2.85186783588355
(13659, 2481, 4) 2.8290020479825126
(13679, 2501, 4) 2.960452910689276
(13699, 2521, 4) 2.8446343399637355
(13719, 2541, 4) 2.9687026115479735
(13739, 2561, 4) 2.948910502912564
(13759, 2581, 4) 2.9115437727051416
(13779, 2601, 4) 2.92572567940816
(13799, 2621, 4) 2.9870358665777514
(13819, 2641, 4) 2.9156630086828175
(13839, 2661, 4) 2.9038632547397527
(13859, 2681, 4) 2.9449276050507533
(13879, 2701, 4) 2.823769139821958
(13899, 2721, 4) 2.9392485621138005
(13919, 2741, 4) 2.830213909406061
(13939, 2761, 4) 2.884011171890473
(13959, 2781, 4) 2.8511124882855574
(13979, 2801, 4) 3.0103453344398465
(13999, 2821, 4) 2.9406956761290695
(14019, 2841, 4) 2.903696986689906
(14039, 2861, 4) 2.906529281064501
(14059, 2881, 4) 2.7342893046904257
(14079, 2901, 4) 2.893977268503084
(14099, 2921, 4) 2.843012840272449
(14119, 2941, 4) 2.7873915812659895
(14139, 2961, 4) 2.8860847656155713
(14159, 2981, 4) 2.9166221343843604
(14179, 3001, 4) 2.9195104163147247
(14199, 3021, 4) 2.922877544838685
(14219, 3041, 4) 2.7943114203829817
(14239, 3061, 4) 2.8444838368750647
(14259, 3081, 4) 2.842383581708067
(14279, 3101, 4) 2.9407087910656022
(14299, 3121, 4) 2.9117540515337095
(14319, 3141, 4) 2.9455133635688364
(14339, 3161, 4) 2.869943385576115
(14359, 3181, 4) 2.8706740482087763
(14379, 3201, 4) 2.9895481470673206
(14399, 3221, 4) 2.8663544731701838
(14419, 3241, 4) 2.7971237571214487
(14439, 3261, 4) 2.884495891949322
(14459, 3281, 4) 2.8686877056392612
(14479, 3301, 4) 2.9283887149755423
(14499, 3321, 4) 2.945205006647411
(14519, 3341, 4) 2.9222758679478575
(14539, 3361, 4) 2.8365075940900235
(14559, 3381, 4) 2.845605769916666
(14579, 3401, 4) 2.8418807025082513
(14599, 3421, 4) 2.845616697668014
(14619, 3441, 4) 2.738407341288892
(14639, 3461, 4) 2.8306752393671752
(14659, 3481, 4) 2.873858541043376
(14679, 3501, 4) 2.957356545285561
(14699, 3521, 4) 2.806359462850626
(14719, 3541, 4) 2.8916102187687125
(14739, 3561, 4) 2.973962634649103
(14759, 3581, 4) 2.908744417852089
(14779, 3601, 4) 2.77972605198491
(14799, 3621, 4) 2.801241308228417
(14819, 3641, 4) 2.819290694706816
(14839, 3661, 4) 2.8916417434592523
(14859, 3681, 4) 2.824161601335983
(14879, 3701, 4) 2.860578465071545
(14899, 3721, 4) 2.843588441434406
