(1, 1, 1) 153.1327306874597
(51, 51, 1) 99.87652998936126
(101, 101, 1) 109.19811609789431
(151, 151, 1) 95.11905454360496
(201, 201, 1) 102.01884091273767
(251, 251, 1) 100.64809098745356
(301, 301, 1) 101.698688683891
(351, 351, 1) 104.1426033033542
(401, 401, 1) 104.3076593098497
(451, 451, 1) 105.75540438971369
(501, 501, 1) 106.07676037598655
(551, 551, 1) 106.4734532938464
(601, 601, 1) 106.86266127491416
(651, 651, 1) 108.82595604525237
(701, 701, 1) 106.97856081289162
(751, 751, 1) 110.48152458491695
(801, 801, 1) 108.50370330285207
(851, 851, 1) 110.45332119918885
(901, 901, 1) 108.38211305239446
(951, 951, 1) 110.15528053229899
(1001, 1001, 1) 112.12526133858057
(1051, 1051, 1) 108.67481207258466
(1101, 1101, 1) 109.34484680438017
(1151, 1151, 1) 107.86456772751363
(1201, 1201, 1) 109.55844922682601
(1251, 1251, 1) 111.10336209346761
(1301, 1301, 1) 108.58863383304642
(1351, 1351, 1) 109.49713700302102
(1401, 1401, 1) 110.54568684222036
(1451, 1451, 1) 110.37378826821671
(1501, 1501, 1) 110.47912834124418
(1551, 1551, 1) 109.8886684435661
(1601, 1601, 1) 111.05241338441213
(1651, 1651, 1) 110.46086922317785
(1701, 1701, 1) 112.71584519028619
(1751, 1751, 1) 111.71253080695776
(1801, 1801, 1) 110.75816417749206
(1851, 1851, 1) 110.36588058841113
(1901, 1901, 1) 108.93324598333783
(1951, 1951, 1) 111.01005275952178
(2001, 2001, 1) 110.85274881413463
(2051, 2051, 1) 109.0909040088308
(2101, 2101, 1) 109.59333617445598
(2151, 2151, 1) 109.66910223729879
(2201, 2201, 1) 109.33725759727258
(2251, 2251, 1) 110.58352888151222
(2301, 2301, 1) 111.09210269473142
(2351, 2351, 1) 111.03905762158448
(2401, 2401, 1) 111.9418783745267
(2451, 2451, 1) 112.79364250084981
(2501, 2501, 1) 109.55840610864337
(2551, 2551, 1) 110.09771224214617
(2601, 2601, 1) 110.201064481255
(2651, 2651, 1) 109.27888076023174
(2701, 2701, 1) 109.0307833011099
(2751, 2751, 1) 109.2801190335548
(2801, 2801, 1) 108.9837606765022
(2851, 2851, 1) 109.84879490384415
(2901, 2901, 1) 110.00199823363084
(2951, 2951, 1) 110.29120034964652
(3001, 3001, 1) 109.04076130983574
(3051, 3051, 1) 107.57261264428251
(3101, 3101, 1) 109.77381052025967
(3151, 3151, 1) 109.19560553013883
(3201, 3201, 1) 109.32087417627281
(3251, 3251, 1) 109.80316623950687
(3301, 3301, 1) 108.46231820046376
(3351, 3351, 1) 109.21459942117811
(3401, 3401, 1) 108.87849069418398
(3451, 3451, 1) 108.39031329721658
(3501, 3501, 1) 109.5062212246014
(3551, 3551, 1) 107.7803497729866
(3601, 3601, 1) 110.01823075592043
(3651, 3651, 1) 109.06961403938939
(3701, 3701, 1) 108.95221619045242
(3727, 1, 2) 108.9428498120313
(3777, 51, 2) 107.86706017554972
(3827, 101, 2) 107.20640915164878
(3877, 151, 2) 108.20747971281094
(3927, 201, 2) 108.53293646362367
(3977, 251, 2) 108.45222888350654
(4027, 301, 2) 107.28287369208769
(4077, 351, 2) 107.79385954982813
(4127, 401, 2) 107.92305986866945
(4177, 451, 2) 108.41083775515685
(4227, 501, 2) 108.4560628288453
(4277, 551, 2) 108.9795972777126
(4327, 601, 2) 107.44464705646548
(4377, 651, 2) 110.00324708204221
(4427, 701, 2) 108.54047518571711
(4477, 751, 2) 108.03890200686433
(4527, 801, 2) 108.41923821907993
(4577, 851, 2) 108.39925901411937
(4627, 901, 2) 108.24017729072067
(4677, 951, 2) 107.76499880214087
(4727, 1001, 2) 108.84230622275714
(4777, 1051, 2) 107.5103935429465
(4827, 1101, 2) 108.50104887796392
(4877, 1151, 2) 108.67419374665981
(4927, 1201, 2) 107.65898148768622
(4977, 1251, 2) 108.60457451977172
(5027, 1301, 2) 107.52428869338284
(5077, 1351, 2) 108.1626018302619
(5127, 1401, 2) 108.66688345834446
(5177, 1451, 2) 108.65467343329968
(5227, 1501, 2) 108.63704878742382
(5277, 1551, 2) 108.22871488228006
(5327, 1601, 2) 106.92604129409231
(5377, 1651, 2) 107.83104296998407
(5427, 1701, 2) 108.77782972864372
(5477, 1751, 2) 109.45030359120484
(5527, 1801, 2) 108.93485134717577
(5577, 1851, 2) 108.43222901466672
(5627, 1901, 2) 107.42926659596564
(5677, 1951, 2) 108.68677225050295
(5727, 2001, 2) 108.63198185786409
(5777, 2051, 2) 109.03669468755864
(5827, 2101, 2) 109.16721953861675
(5877, 2151, 2) 107.82700987304251
(5927, 2201, 2) 106.97308483304181
(5977, 2251, 2) 108.39630175913487
(6027, 2301, 2) 107.60309959353224
(6077, 2351, 2) 108.98535068743325
(6127, 2401, 2) 108.57563481152866
(6177, 2451, 2) 109.2173676793503
(6227, 2501, 2) 107.87973882451472
(6277, 2551, 2) 108.20160719350915
(6327, 2601, 2) 107.68545805534444
(6377, 2651, 2) 108.63444504675486
(6427, 2701, 2) 109.53540853230574
(6477, 2751, 2) 108.25814251571217
(6527, 2801, 2) 108.46038232714895
(6577, 2851, 2) 109.45168443489216
(6627, 2901, 2) 107.66503095056206
(6677, 2951, 2) 108.07702944130826
(6727, 3001, 2) 108.95476045684708
(6777, 3051, 2) 107.83615808628477
(6827, 3101, 2) 107.78874724478223
(6877, 3151, 2) 108.11063335235822
(6927, 3201, 2) 108.85322824650369
(6977, 3251, 2) 107.64980068177111
(7027, 3301, 2) 107.44384337031967
(7077, 3351, 2) 108.51901050180348
(7127, 3401, 2) 107.57555705883715
(7177, 3451, 2) 107.83915219293432
(7227, 3501, 2) 108.93022248464112
(7277, 3551, 2) 107.16920684369877
(7327, 3601, 2) 108.43109737623318
(7377, 3651, 2) 107.05963556670098
(7427, 3701, 2) 107.14420304177902
(7453, 1, 3) 108.58235750434616
(7503, 51, 3) 107.14785488387265
(7553, 101, 3) 106.6805697848564
(7603, 151, 3) 107.72168546536037
(7653, 201, 3) 108.27561845320913
(7703, 251, 3) 107.6495670957834
(7753, 301, 3) 106.79122408463576
(7803, 351, 3) 107.25476492283997
(7853, 401, 3) 107.1008773377867
(7903, 451, 3) 107.8184611442003
(7953, 501, 3) 106.29273205995959
(8003, 551, 3) 107.14311744383153
(8053, 601, 3) 107.24575359186817
(8103, 651, 3) 108.13168647334581
(8153, 701, 3) 106.98197351917939
(8203, 751, 3) 106.81669250531269
(8253, 801, 3) 107.43886040935693
(8303, 851, 3) 108.46374169812788
(8353, 901, 3) 108.46323444812919
(8403, 951, 3) 107.31953017758137
(8453, 1001, 3) 107.556514671429
(8503, 1051, 3) 107.63548601483772
(8553, 1101, 3) 107.91910723362768
(8603, 1151, 3) 106.56296439643876
(8653, 1201, 3) 107.63352255681588
(8703, 1251, 3) 106.99262319210281
(8753, 1301, 3) 106.47035289377837
(8803, 1351, 3) 107.67829725365488
(8853, 1401, 3) 106.4662407721428
(8903, 1451, 3) 107.2098900462893
(8953, 1501, 3) 107.56672635396723
(9003, 1551, 3) 106.93332392877942
(9053, 1601, 3) 106.40126023192164
(9103, 1651, 3) 107.33114357786009
(9153, 1701, 3) 106.96246981781754
(9203, 1751, 3) 108.60313496898827
(9253, 1801, 3) 106.73017296312948
(9303, 1851, 3) 107.48203142694524
(9353, 1901, 3) 107.72376820146827
(9403, 1951, 3) 107.16786158075377
(9453, 2001, 3) 107.6593835142266
(9503, 2051, 3) 107.81143136766673
(9553, 2101, 3) 108.25736782184069
(9603, 2151, 3) 107.85090600214168
(9653, 2201, 3) 107.49929157643433
(9703, 2251, 3) 106.77816186323541
(9753, 2301, 3) 108.43795016869763
(9803, 2351, 3) 108.53907918643321
(9853, 2401, 3) 107.4501396965644
(9903, 2451, 3) 108.36028724331591
(9953, 2501, 3) 105.88936970629219
(10003, 2551, 3) 108.16703610156848
(10053, 2601, 3) 107.28605131197644
(10103, 2651, 3) 107.01455674970525
(10153, 2701, 3) 107.58465236062771
(10203, 2751, 3) 107.01890108810655
(10253, 2801, 3) 106.28503701538277
(10303, 2851, 3) 107.2678666194447
(10353, 2901, 3) 107.28094279933156
(10403, 2951, 3) 107.51681856119276
(10453, 3001, 3) 107.13004698207759
(10503, 3051, 3) 107.63743099791233
(10553, 3101, 3) 105.63364891580436
(10603, 3151, 3) 107.76718025116308
(10653, 3201, 3) 107.42098203405476
(10703, 3251, 3) 107.14874807603493
(10753, 3301, 3) 106.66096612808319
(10803, 3351, 3) 106.2512090100998
(10853, 3401, 3) 106.58017942397193
(10903, 3451, 3) 106.7868693291079
(10953, 3501, 3) 106.03981932220712
(11003, 3551, 3) 106.12439650691358
(11053, 3601, 3) 107.78975400535273
(11103, 3651, 3) 106.63887647397365
(11153, 3701, 3) 106.0403020513898
(11179, 1, 4) 106.65519704634819
(11229, 51, 4) 107.43136928376772
(11279, 101, 4) 107.24588866754635
(11329, 151, 4) 107.6786381993866
(11379, 201, 4) 106.38642707716352
(11429, 251, 4) 107.7199439477968
(11479, 301, 4) 107.66015022906929
(11529, 351, 4) 107.75539085088981
(11579, 401, 4) 107.86337770460248
(11629, 451, 4) 106.04756485588099
(11679, 501, 4) 105.89207990527525
(11729, 551, 4) 106.45713406494899
(11779, 601, 4) 106.98015942851458
(11829, 651, 4) 106.39071312008063
(11879, 701, 4) 106.7295894112433
(11929, 751, 4) 106.3010510406259
(11979, 801, 4) 106.71221334156633
(12029, 851, 4) 106.34587763074977
(12079, 901, 4) 107.68869749711314
(12129, 951, 4) 108.08022733210122
(12179, 1001, 4) 106.97685588747602
(12229, 1051, 4) 107.51070285345885
(12279, 1101, 4) 107.3628071945961
(12329, 1151, 4) 106.87169660346547
(12379, 1201, 4) 107.34943411969284
(12429, 1251, 4) 107.81372040664407
(12479, 1301, 4) 106.3824487864701
(12529, 1351, 4) 106.5350241994205
(12579, 1401, 4) 106.3379014418813
(12629, 1451, 4) 108.05675472252844
(12679, 1501, 4) 106.50008037969295
(12729, 1551, 4) 106.96333054637569
(12779, 1601, 4) 106.75992822370159
(12829, 1651, 4) 106.71494587902461
(12879, 1701, 4) 107.12939471597139
(12929, 1751, 4) 108.28729553401347
(12979, 1801, 4) 107.25778074267139
(13029, 1851, 4) 106.04729923510142
(13079, 1901, 4) 107.56096377983965
(13129, 1951, 4) 106.50049981244192
(13179, 2001, 4) 106.97571271721009
(13229, 2051, 4) 107.36860497699062
(13279, 2101, 4) 108.4380920887784
(13329, 2151, 4) 106.66303138677581
(13379, 2201, 4) 106.58937895676242
(13429, 2251, 4) 107.0171342834968
(13479, 2301, 4) 107.30684372893876
(13529, 2351, 4) 106.73070769195431
(13579, 2401, 4) 108.30217084016385
(13629, 2451, 4) 107.31966281545562
(13679, 2501, 4) 106.18848285692972
(13729, 2551, 4) 107.94814256717078
(13779, 2601, 4) 107.04049696344863
(13829, 2651, 4) 107.84477295445349
(13879, 2701, 4) 106.13185407977458
(13929, 2751, 4) 107.27008571508155
(13979, 2801, 4) 106.97252398831212
(14029, 2851, 4) 106.01417483725304
(14079, 2901, 4) 107.0844975922222
(14129, 2951, 4) 107.32677469783985
(14179, 3001, 4) 108.75005664802413
(14229, 3051, 4) 106.97551827692422
(14279, 3101, 4) 105.87181864664728
(14329, 3151, 4) 107.28159030714255
(14379, 3201, 4) 107.83920926586114
(14429, 3251, 4) 106.54399981687635
(14479, 3301, 4) 106.52904904884869
(14529, 3351, 4) 106.2397532695035
(14579, 3401, 4) 105.70356888569519
(14629, 3451, 4) 106.29568912119252
(14679, 3501, 4) 106.44841510736137
(14729, 3551, 4) 106.1955047356279
(14779, 3601, 4) 106.83651702762305
(14829, 3651, 4) 107.16557955535698
(14879, 3701, 4) 107.22717481450454
