(1, 1, 1) 32.916457261336284
(51, 51, 1) 35.848470626657615
(101, 101, 1) 35.91976244186777
(151, 151, 1) 33.22701676279542
(201, 201, 1) 32.163987236560644
(251, 251, 1) 33.04347861865904
(301, 301, 1) 33.70688151602692
(351, 351, 1) 35.41972771754822
(401, 401, 1) 35.4194865649068
(451, 451, 1) 36.91433497104912
(501, 501, 1) 36.34497517754804
(551, 551, 1) 37.30297849873696
(601, 601, 1) 37.34157301617942
(651, 651, 1) 37.935761113658515
(701, 701, 1) 37.41432986132857
(751, 751, 1) 38.11188438338615
(801, 801, 1) 37.89788726016797
(851, 851, 1) 38.05579124324945
(901, 901, 1) 37.83759705990182
(951, 951, 1) 38.31260423145145
(1001, 1001, 1) 38.4872057991151
(1051, 1051, 1) 38.10125239760098
(1101, 1101, 1) 38.27687476392444
(1151, 1151, 1) 38.38514102779504
(1201, 1201, 1) 38.3109035087418
(1251, 1251, 1) 38.161886062690314
(1301, 1301, 1) 38.2269051841618
(1351, 1351, 1) 38.62340574016388
(1401, 1401, 1) 38.23923009408165
(1451, 1451, 1) 38.61344139618316
(1501, 1501, 1) 38.91067680915722
(1551, 1551, 1) 38.53221469634446
(1601, 1601, 1) 38.38794347960023
(1651, 1651, 1) 38.596390273476075
(1701, 1701, 1) 38.841865199950824
(1751, 1751, 1) 38.459882235982356
(1801, 1801, 1) 38.45785297575771
(1851, 1851, 1) 38.68804946368578
(1901, 1901, 1) 39.06660189534958
(1951, 1951, 1) 38.80227537811347
(2001, 2001, 1) 38.66121962742374
(2051, 2051, 1) 38.306815010344344
(2101, 2101, 1) 38.75946407731792
(2151, 2151, 1) 38.83010289552892
(2201, 2201, 1) 38.70848679431709
(2251, 2251, 1) 38.85035469134137
(2301, 2301, 1) 38.881274911324006
(2351, 2351, 1) 38.86465109689194
(2401, 2401, 1) 38.79468232322604
(2451, 2451, 1) 38.81432294802533
(2501, 2501, 1) 38.963286394399574
(2551, 2551, 1) 39.102388090380266
(2601, 2601, 1) 38.65477046852022
(2651, 2651, 1) 38.940910051422144
(2701, 2701, 1) 38.755009625895156
(2751, 2751, 1) 39.129449734147705
(2801, 2801, 1) 39.323055012640445
(2851, 2851, 1) 39.04261268327385
(2901, 2901, 1) 39.06015253781352
(2951, 2951, 1) 38.950859035711154
(3001, 3001, 1) 39.11098341652356
(3051, 3051, 1) 39.190416286032445
(3101, 3101, 1) 39.120160662749356
(3151, 3151, 1) 39.07846089796312
(3201, 3201, 1) 39.12480592432214
(3251, 3251, 1) 39.429109546989416
(3301, 3301, 1) 39.53867049949571
(3351, 3351, 1) 39.59206251948451
(3401, 3401, 1) 39.31302593666582
(3451, 3451, 1) 39.220848629335045
(3501, 3501, 1) 39.27998638187907
(3551, 3551, 1) 39.4898761148683
(3601, 3601, 1) 39.559955205198385
(3651, 3651, 1) 39.4879995645311
(3701, 3701, 1) 39.56918948277312
(3727, 1, 2) 39.185178658996335
(3777, 51, 2) 39.162406162455085
(3827, 101, 2) 39.15858719321101
(3877, 151, 2) 39.7278621878055
(3927, 201, 2) 39.476633911238196
(3977, 251, 2) 39.70826717440942
(4027, 301, 2) 39.653479230973275
(4077, 351, 2) 39.886187835891896
(4127, 401, 2) 39.74749924646287
(4177, 451, 2) 39.97617508849903
(4227, 501, 2) 39.77147029833771
(4277, 551, 2) 39.69984760590643
(4327, 601, 2) 39.88464629680211
(4377, 651, 2) 40.03113620480516
(4427, 701, 2) 39.86042796015576
(4477, 751, 2) 40.05422387115174
(4527, 801, 2) 39.91490036381857
(4577, 851, 2) 39.98188493256246
(4627, 901, 2) 39.89900840891868
(4677, 951, 2) 40.18637137863305
(4727, 1001, 2) 40.34736398656242
(4777, 1051, 2) 40.26297688002878
(4827, 1101, 2) 40.45430402673808
(4877, 1151, 2) 40.32512932424732
(4927, 1201, 2) 40.51855740133317
(4977, 1251, 2) 40.18805967284621
(5027, 1301, 2) 40.56490876631033
(5077, 1351, 2) 40.64787160960349
(5127, 1401, 2) 40.5916431273906
(5177, 1451, 2) 40.47660255266633
(5227, 1501, 2) 40.6898229980043
(5277, 1551, 2) 40.3484040014601
(5327, 1601, 2) 40.92468783783984
(5377, 1651, 2) 40.83493452984843
(5427, 1701, 2) 41.09303078708345
(5477, 1751, 2) 40.66398488466448
(5527, 1801, 2) 40.51317597696022
(5577, 1851, 2) 40.74190462647971
(5627, 1901, 2) 40.9067831305264
(5677, 1951, 2) 41.06333013825256
(5727, 2001, 2) 41.19121041854317
(5777, 2051, 2) 40.71198041291993
(5827, 2101, 2) 40.78588624359033
(5877, 2151, 2) 40.98538947300966
(5927, 2201, 2) 40.904493251017826
(5977, 2251, 2) 41.00638605876666
(6027, 2301, 2) 40.72771367330842
(6077, 2351, 2) 41.16940553132369
(6127, 2401, 2) 41.011510386393105
(6177, 2451, 2) 41.16649908268105
(6227, 2501, 2) 41.17113679705323
(6277, 2551, 2) 41.308703663580815
(6327, 2601, 2) 40.28969056852529
(6377, 2651, 2) 41.07841613194815
(6427, 2701, 2) 41.16693569326553
(6477, 2751, 2) 40.9305062005767
(6527, 2801, 2) 41.20954219799444
(6577, 2851, 2) 41.076148258156785
(6627, 2901, 2) 41.273920233703315
(6677, 2951, 2) 41.17876357159194
(6727, 3001, 2) 41.12872474811541
(6777, 3051, 2) 41.33039189689727
(6827, 3101, 2) 41.33122190854335
(6877, 3151, 2) 40.71462233967316
(6927, 3201, 2) 41.120607112578035
(6977, 3251, 2) 41.1089051224692
(7027, 3301, 2) 41.786892174287075
(7077, 3351, 2) 41.930802589137194
(7127, 3401, 2) 41.335241921164275
(7177, 3451, 2) 41.55669788835035
(7227, 3501, 2) 41.28457061533837
(7277, 3551, 2) 41.46143601305386
(7327, 3601, 2) 41.66039351710588
(7377, 3651, 2) 41.37934525174017
(7427, 3701, 2) 41.50613101353208
(7453, 1, 3) 40.98788186142102
(7503, 51, 3) 41.39071010160896
(7553, 101, 3) 41.66046426973046
(7603, 151, 3) 41.319870703350745
(7653, 201, 3) 41.86262849235322
(7703, 251, 3) 40.691228197469094
(7753, 301, 3) 40.99744806840551
(7803, 351, 3) 41.59192970687121
(7853, 401, 3) 41.7444692932585
(7903, 451, 3) 41.251478826014825
(7953, 501, 3) 40.59934142392646
(8003, 551, 3) 41.16866697995507
(8053, 601, 3) 41.25677428546694
(8103, 651, 3) 41.23548047238601
(8153, 701, 3) 41.05249885363594
(8203, 751, 3) 41.14420947763271
(8253, 801, 3) 41.011564512186084
(8303, 851, 3) 41.632008444087816
(8353, 901, 3) 41.384055178529565
(8403, 951, 3) 41.548469643019615
(8453, 1001, 3) 41.35204939099325
(8503, 1051, 3) 41.92778681847398
(8553, 1101, 3) 41.15712536004966
(8603, 1151, 3) 41.37079647615531
(8653, 1201, 3) 41.91591858633848
(8703, 1251, 3) 41.00327029729594
(8753, 1301, 3) 41.01639841163222
(8803, 1351, 3) 41.87822448005797
(8853, 1401, 3) 41.565463728826394
(8903, 1451, 3) 41.36443212586388
(8953, 1501, 3) 41.89553294950272
(9003, 1551, 3) 41.412540815837694
(9053, 1601, 3) 40.910909649451305
(9103, 1651, 3) 41.716773692943455
(9153, 1701, 3) 41.9256893104981
(9203, 1751, 3) 41.78661280474283
(9253, 1801, 3) 41.71274808838673
(9303, 1851, 3) 41.515132135407235
(9353, 1901, 3) 41.456472460663896
(9403, 1951, 3) 41.482688133732715
(9453, 2001, 3) 41.15382426301776
(9503, 2051, 3) 41.23403411712556
(9553, 2101, 3) 41.061761285445044
(9603, 2151, 3) 41.54494553151835
(9653, 2201, 3) 41.53055758072707
(9703, 2251, 3) 41.36679765672706
(9753, 2301, 3) 41.439750578126144
(9803, 2351, 3) 41.84126827595956
(9853, 2401, 3) 41.7946013267939
(9903, 2451, 3) 41.63288588325732
(9953, 2501, 3) 41.69374663740479
(10003, 2551, 3) 41.82168583868306
(10053, 2601, 3) 41.76169169017041
(10103, 2651, 3) 41.9539323974407
(10153, 2701, 3) 41.077837006813276
(10203, 2751, 3) 41.32479451371305
(10253, 2801, 3) 41.8413610619631
(10303, 2851, 3) 41.914992808471
(10353, 2901, 3) 41.35350225971427
(10403, 2951, 3) 42.161894453643036
(10453, 3001, 3) 41.562532822556655
(10503, 3051, 3) 41.03867919347159
(10553, 3101, 3) 41.53402397255025
(10603, 3151, 3) 41.36636233693172
(10653, 3201, 3) 41.70145768251327
(10703, 3251, 3) 41.637349371168426
(10753, 3301, 3) 41.6746396201751
(10803, 3351, 3) 41.18342471538633
(10853, 3401, 3) 41.401960813380406
(10903, 3451, 3) 41.238103962761066
(10953, 3501, 3) 41.19650863680584
(11003, 3551, 3) 41.53931318641071
(11053, 3601, 3) 41.56506709731426
(11103, 3651, 3) 41.53609068259531
(11153, 3701, 3) 41.063580784672695
(11179, 1, 4) 41.15553673498404
(11229, 51, 4) 41.20034668821189
(11279, 101, 4) 41.90175911277685
(11329, 151, 4) 41.9637137540196
(11379, 201, 4) 41.26296624331063
(11429, 251, 4) 41.40788851189493
(11479, 301, 4) 41.1497133230293
(11529, 351, 4) 41.64428277592025
(11579, 401, 4) 40.58751250638858
(11629, 451, 4) 41.110523658953525
(11679, 501, 4) 41.553478726520986
(11729, 551, 4) 41.871204245315774
(11779, 601, 4) 41.019435862271926
(11829, 651, 4) 40.53922269407499
(11879, 701, 4) 41.520474699329604
(11929, 751, 4) 41.36678587459027
(11979, 801, 4) 41.531929390468996
(12029, 851, 4) 41.60526742099282
(12079, 901, 4) 40.96814517163594
(12129, 951, 4) 41.537006164487615
(12179, 1001, 4) 41.763661373329874
(12229, 1051, 4) 41.776412147175925
(12279, 1101, 4) 41.56435603239982
(12329, 1151, 4) 40.96486270417891
(12379, 1201, 4) 41.50414247329332
(12429, 1251, 4) 41.36606162824801
(12479, 1301, 4) 41.24114938814423
(12529, 1351, 4) 41.453813980019085
(12579, 1401, 4) 41.829758814122364
(12629, 1451, 4) 40.785093529829396
(12679, 1501, 4) 41.81130021932942
(12729, 1551, 4) 40.9457651468243
(12779, 1601, 4) 41.34789478580466
(12829, 1651, 4) 41.43500813259902
(12879, 1701, 4) 41.85896195544854
(12929, 1751, 4) 41.74212865359835
(12979, 1801, 4) 41.15968858050538
(13029, 1851, 4) 41.59343426414713
(13079, 1901, 4) 41.5898251143556
(13129, 1951, 4) 42.12958786075931
(13179, 2001, 4) 41.10861323616938
(13229, 2051, 4) 41.013400662908964
(13279, 2101, 4) 41.02944620870824
(13329, 2151, 4) 41.03196673339389
(13379, 2201, 4) 41.148625136727155
(13429, 2251, 4) 41.756476745731526
(13479, 2301, 4) 41.43064821284326
(13529, 2351, 4) 42.01572807041389
(13579, 2401, 4) 41.69053528675425
(13629, 2451, 4) 41.44282787102691
(13679, 2501, 4) 40.48457003763765
(13729, 2551, 4) 41.672763632934355
(13779, 2601, 4) 40.49457727396848
(13829, 2651, 4) 41.29001822873403
(13879, 2701, 4) 41.526318342432376
(13929, 2751, 4) 40.71764608298813
(13979, 2801, 4) 41.49822263450633
(14029, 2851, 4) 42.034108614803365
(14079, 2901, 4) 40.894030687661505
(14129, 2951, 4) 41.29685280270591
(14179, 3001, 4) 41.072081909914466
(14229, 3051, 4) 41.31006283492979
(14279, 3101, 4) 41.07577484485865
(14329, 3151, 4) 41.542010328510365
(14379, 3201, 4) 41.63204678380105
(14429, 3251, 4) 41.80326948333332
(14479, 3301, 4) 42.05847342707342
(14529, 3351, 4) 41.54928774286926
(14579, 3401, 4) 41.52534499184785
(14629, 3451, 4) 41.657780242208666
(14679, 3501, 4) 40.950818696188
(14729, 3551, 4) 41.63926840486716
(14779, 3601, 4) 41.4634807151102
(14829, 3651, 4) 40.41548605797648
(14879, 3701, 4) 40.99293978277237
