(1, 1, 1) 0.06438930192697734
(51, 51, 1) 0.32141688366746995
(101, 101, 1) 0.3163149567233968
(151, 151, 1) 0.790153427816475
(201, 201, 1) 0.5768286696121748
(251, 251, 1) 1.5287506412118157
(301, 301, 1) 1.7358912263852107
(351, 351, 1) 1.9254277621830655
(401, 401, 1) 2.12139455387709
(451, 451, 1) 2.33175396378602
(501, 501, 1) 2.700272877541987
(551, 551, 1) 2.398611686762344
(601, 601, 1) 2.595340754184414
(651, 651, 1) 3.2416406696767193
(701, 701, 1) 3.2725220591774367
(751, 751, 1) 3.161500370464084
(801, 801, 1) 3.207118175598083
(851, 851, 1) 3.2549377884614907
(901, 901, 1) 3.437099407118791
(951, 951, 1) 3.525291119699524
(1001, 1001, 1) 3.599191426935075
(1051, 1051, 1) 3.4474192905755756
(1101, 1101, 1) 3.3660046553374365
(1151, 1151, 1) 3.733237915594678
(1201, 1201, 1) 3.4889752686670743
(1251, 1251, 1) 3.3533816216252066
(1301, 1301, 1) 3.291724780849304
(1351, 1351, 1) 3.580905098550425
(1401, 1401, 1) 3.093156897710276
(1451, 1451, 1) 3.78382366009616
(1501, 1501, 1) 3.7292743354139577
(1551, 1551, 1) 3.263654595024401
(1601, 1601, 1) 3.389438193653168
(1651, 1651, 1) 3.729673371268607
(1701, 1701, 1) 3.7019290381928363
(1751, 1751, 1) 3.4535791866192134
(1801, 1801, 1) 3.672516427340423
(1851, 1851, 1) 3.7897161583356604
(1901, 1901, 1) 3.9414790904556156
(1951, 1951, 1) 3.7224585865063125
(2001, 2001, 1) 3.494446369526378
(2051, 2051, 1) 3.6824360306335078
(2101, 2101, 1) 3.4684352713430635
(2151, 2151, 1) 3.5076348302418925
(2201, 2201, 1) 3.634501337990242
(2251, 2251, 1) 3.4656145114402404
(2301, 2301, 1) 3.827841507994906
(2351, 2351, 1) 3.864586286793042
(2401, 2401, 1) 3.7504837609162083
(2451, 2451, 1) 3.7297918122276172
(2501, 2501, 1) 3.7162881979651683
(2551, 2551, 1) 3.8832302396498317
(2601, 2601, 1) 3.4850158284833164
(2651, 2651, 1) 4.0026686996800755
(2701, 2701, 1) 3.5708988315925776
(2751, 2751, 1) 3.688229137612224
(2801, 2801, 1) 3.915245502956151
(2851, 2851, 1) 3.9378281955944248
(2901, 2901, 1) 4.102171039282417
(2951, 2951, 1) 3.576966886372041
(3001, 3001, 1) 3.852286168938932
(3051, 3051, 1) 3.873602674006635
(3101, 3101, 1) 3.861056684722268
(3151, 3151, 1) 3.979772624092786
(3201, 3201, 1) 3.7913706919282397
(3251, 3251, 1) 3.850915758106388
(3301, 3301, 1) 3.928221752628898
(3351, 3351, 1) 4.046331132501371
(3401, 3401, 1) 3.86927106254058
(3451, 3451, 1) 3.6828020280427656
(3501, 3501, 1) 3.7545539188006183
(3551, 3551, 1) 4.004568289076696
(3601, 3601, 1) 4.332354294806295
(3651, 3651, 1) 4.058826539094103
(3701, 3701, 1) 3.9717983670350177
(3727, 1, 2) 3.6057939437488264
(3777, 51, 2) 3.8896301382992373
(3827, 101, 2) 3.866868438037037
(3877, 151, 2) 4.2517277435803935
(3927, 201, 2) 3.8423063181403934
(3977, 251, 2) 4.0594060299262225
(4027, 301, 2) 3.8791103333683874
(4077, 351, 2) 3.950315970996568
(4127, 401, 2) 3.9497937437986423
(4177, 451, 2) 4.082460474192002
(4227, 501, 2) 3.945103576298903
(4277, 551, 2) 3.8369626082691797
(4327, 601, 2) 3.8548894842085173
(4377, 651, 2) 3.6461429754628334
(4427, 701, 2) 4.13333580906389
(4477, 751, 2) 3.823860906475101
(4527, 801, 2) 3.885105818195733
(4577, 851, 2) 3.8238871634544105
(4627, 901, 2) 3.679509884641504
(4677, 951, 2) 4.047781194742598
(4727, 1001, 2) 4.43289283569606
(4777, 1051, 2) 4.100947943098318
(4827, 1101, 2) 3.916902305566536
(4877, 1151, 2) 4.0096381267855055
(4927, 1201, 2) 4.22246669936394
(4977, 1251, 2) 3.8586860045067097
(5027, 1301, 2) 3.9579948863514005
(5077, 1351, 2) 4.1638967798816475
(5127, 1401, 2) 4.187335637286572
(5177, 1451, 2) 3.9029555029617566
(5227, 1501, 2) 4.050032186472496
(5277, 1551, 2) 3.7619623591731792
(5327, 1601, 2) 4.14737633774235
(5377, 1651, 2) 3.7890698463068384
(5427, 1701, 2) 3.9593295639962207
(5477, 1751, 2) 4.002990466040609
(5527, 1801, 2) 3.88313660779308
(5577, 1851, 2) 4.066458278264897
(5627, 1901, 2) 4.457770986443865
(5677, 1951, 2) 4.408538270561529
(5727, 2001, 2) 4.288509209194253
(5777, 2051, 2) 3.914453388260122
(5827, 2101, 2) 4.085496338316704
(5877, 2151, 2) 4.2378100457980095
(5927, 2201, 2) 4.034173904534437
(5977, 2251, 2) 4.287242779152912
(6027, 2301, 2) 4.257727194034411
(6077, 2351, 2) 4.416373972763511
(6127, 2401, 2) 4.121021389910046
(6177, 2451, 2) 4.534019299835604
(6227, 2501, 2) 4.645133564092421
(6277, 2551, 2) 4.632193861377192
(6327, 2601, 2) 4.005460059766617
(6377, 2651, 2) 4.600140638889026
(6427, 2701, 2) 4.6016411576688165
(6477, 2751, 2) 4.493701712584311
(6527, 2801, 2) 4.521772676234504
(6577, 2851, 2) 4.135178575714011
(6627, 2901, 2) 4.312534233899328
(6677, 2951, 2) 4.411245869212631
(6727, 3001, 2) 4.412923467141126
(6777, 3051, 2) 4.241723230566864
(6827, 3101, 2) 4.290373744114588
(6877, 3151, 2) 4.048291915564412
(6927, 3201, 2) 4.114998464769111
(6977, 3251, 2) 4.331314166746488
(7027, 3301, 2) 4.375860464681099
(7077, 3351, 2) 4.16100499006907
(7127, 3401, 2) 4.461020840045025
(7177, 3451, 2) 4.619106036874866
(7227, 3501, 2) 4.340673104511406
(7277, 3551, 2) 4.468006353700962
(7327, 3601, 2) 4.753269283742744
(7377, 3651, 2) 4.730162980482272
(7427, 3701, 2) 4.874496591251494
(7453, 1, 3) 4.573908246327946
(7503, 51, 3) 4.792044913072713
(7553, 101, 3) 4.714094173179119
(7603, 151, 3) 4.939261967680607
(7653, 201, 3) 4.940548766301951
(7703, 251, 3) 4.391778827455758
(7753, 301, 3) 4.335014655130708
(7803, 351, 3) 4.597672636026638
(7853, 401, 3) 4.798377871069462
(7903, 451, 3) 4.534017599047917
(7953, 501, 3) 4.4823163418035845
(8003, 551, 3) 4.715729640210901
(8053, 601, 3) 4.48365811765765
(8103, 651, 3) 4.770319595636521
(8153, 701, 3) 4.539502854836658
(8203, 751, 3) 4.499620744142919
(8253, 801, 3) 4.805656324824187
(8303, 851, 3) 4.951371346407477
(8353, 901, 3) 4.796609453965565
(8403, 951, 3) 5.077969600289366
(8453, 1001, 3) 4.980664706245789
(8503, 1051, 3) 5.166787275307743
(8553, 1101, 3) 4.789726436632871
(8603, 1151, 3) 4.634490656010458
(8653, 1201, 3) 5.072085378215636
(8703, 1251, 3) 4.629732339466778
(8753, 1301, 3) 4.908558596578761
(8803, 1351, 3) 5.35922775688265
(8853, 1401, 3) 5.135322824231929
(8903, 1451, 3) 5.121172438370464
(8953, 1501, 3) 5.273377801538637
(9003, 1551, 3) 5.061244188653735
(9053, 1601, 3) 4.975915531499664
(9103, 1651, 3) 5.303081875456228
(9153, 1701, 3) 5.141412861181441
(9203, 1751, 3) 4.90782497707919
(9253, 1801, 3) 4.90623599122928
(9303, 1851, 3) 5.06671690342748
(9353, 1901, 3) 5.099118847277496
(9403, 1951, 3) 5.146590649018987
(9453, 2001, 3) 4.772307056716098
(9503, 2051, 3) 4.815209323616845
(9553, 2101, 3) 4.799948204414173
(9603, 2151, 3) 5.22446073681352
(9653, 2201, 3) 5.132640167667676
(9703, 2251, 3) 5.020425048823443
(9753, 2301, 3) 5.250173331370305
(9803, 2351, 3) 4.950089390527216
(9853, 2401, 3) 5.0783195153042815
(9903, 2451, 3) 5.052028060526342
(9953, 2501, 3) 5.0408506890114415
(10003, 2551, 3) 5.1194517226114336
(10053, 2601, 3) 5.056724190891875
(10103, 2651, 3) 5.257990549912593
(10153, 2701, 3) 5.128742491253206
(10203, 2751, 3) 4.966160005232408
(10253, 2801, 3) 5.054129798432528
(10303, 2851, 3) 5.209977794392122
(10353, 2901, 3) 4.772174013035499
(10403, 2951, 3) 4.941401434898116
(10453, 3001, 3) 4.934560464352647
(10503, 3051, 3) 5.048579195027754
(10553, 3101, 3) 4.686970324340496
(10603, 3151, 3) 4.685782445533871
(10653, 3201, 3) 5.202294742089284
(10703, 3251, 3) 5.199527453352768
(10753, 3301, 3) 5.041595834190615
(10803, 3351, 3) 5.093470356183836
(10853, 3401, 3) 5.107522101143006
(10903, 3451, 3) 5.142605599997761
(10953, 3501, 3) 5.089693932985749
(11003, 3551, 3) 5.09285652150902
(11053, 3601, 3) 5.191587397117963
(11103, 3651, 3) 5.4465686282100325
(11153, 3701, 3) 4.794114418783806
(11179, 1, 4) 4.903767238405264
(11229, 51, 4) 4.8539685406120245
(11279, 101, 4) 5.227438924649432
(11329, 151, 4) 5.089206773967843
(11379, 201, 4) 5.110680043624914
(11429, 251, 4) 4.944342931104552
(11479, 301, 4) 5.077636739426793
(11529, 351, 4) 5.315923147438597
(11579, 401, 4) 4.853943297879733
(11629, 451, 4) 4.896902909122842
(11679, 501, 4) 5.179128900842329
(11729, 551, 4) 5.3660011509965795
(11779, 601, 4) 5.281257729429189
(11829, 651, 4) 5.134282360588087
(11879, 701, 4) 5.210982694561548
(11929, 751, 4) 5.10674413248606
(11979, 801, 4) 5.204935579430277
(12029, 851, 4) 5.523906522925161
(12079, 901, 4) 4.954570519453325
(12129, 951, 4) 5.257343797785245
(12179, 1001, 4) 5.386873740891607
(12229, 1051, 4) 5.247137365905168
(12279, 1101, 4) 5.475845862083737
(12329, 1151, 4) 5.263792350205419
(12379, 1201, 4) 5.336292548569086
(12429, 1251, 4) 4.918666382381064
(12479, 1301, 4) 5.200353183433899
(12529, 1351, 4) 5.396640848897009
(12579, 1401, 4) 5.562733282785724
(12629, 1451, 4) 5.266164291286677
(12679, 1501, 4) 5.352779977517414
(12729, 1551, 4) 5.149821991166757
(12779, 1601, 4) 5.322153816469598
(12829, 1651, 4) 5.758790608711877
(12879, 1701, 4) 5.583932497310759
(12929, 1751, 4) 5.791707561383431
(12979, 1801, 4) 5.698777058697364
(13029, 1851, 4) 5.6033437265481965
(13079, 1901, 4) 5.658526025908605
(13129, 1951, 4) 5.796284396742554
(13179, 2001, 4) 5.689079809329943
(13229, 2051, 4) 5.372328073544399
(13279, 2101, 4) 5.548833651284635
(13329, 2151, 4) 5.257731111167634
(13379, 2201, 4) 5.318118666334275
(13429, 2251, 4) 5.330130503780199
(13479, 2301, 4) 5.520809586521628
(13529, 2351, 4) 5.361350726536042
(13579, 2401, 4) 5.488817109276152
(13629, 2451, 4) 5.711102253622631
(13679, 2501, 4) 5.729808812038646
(13729, 2551, 4) 5.589006528666155
(13779, 2601, 4) 5.318537267973338
(13829, 2651, 4) 5.695285655868207
(13879, 2701, 4) 5.824598801198267
(13929, 2751, 4) 5.224318393057321
(13979, 2801, 4) 5.531583511403223
(14029, 2851, 4) 5.744267865850112
(14079, 2901, 4) 5.365704003347533
(14129, 2951, 4) 5.577846825722578
(14179, 3001, 4) 5.535923790614657
(14229, 3051, 4) 5.435134960220625
(14279, 3101, 4) 5.404896439704545
(14329, 3151, 4) 5.84370535932843
(14379, 3201, 4) 5.424597604366808
(14429, 3251, 4) 5.838504222460501
(14479, 3301, 4) 5.676051408813986
(14529, 3351, 4) 5.770005962032488
(14579, 3401, 4) 5.531077873641562
(14629, 3451, 4) 5.697487370081903
(14679, 3501, 4) 5.2600005768827796
(14729, 3551, 4) 5.4487534565044715
(14779, 3601, 4) 5.222692492748418
(14829, 3651, 4) 5.50695279984497
(14879, 3701, 4) 5.235573606928708
