(1, 1, 1) 33.220559221361
(51, 51, 1) 36.04558811896998
(101, 101, 1) 36.1234445386385
(151, 151, 1) 33.67297745040795
(201, 201, 1) 32.39252406357171
(251, 251, 1) 33.61903576257124
(301, 301, 1) 34.401638522707174
(351, 351, 1) 35.88241167820078
(401, 401, 1) 35.99826957024937
(451, 451, 1) 37.46029560994116
(501, 501, 1) 36.91504122104216
(551, 551, 1) 37.795291904371624
(601, 601, 1) 37.79680535350448
(651, 651, 1) 38.33348281945445
(701, 701, 1) 37.910042541656516
(751, 751, 1) 38.57167307096265
(801, 801, 1) 38.35946014992483
(851, 851, 1) 38.56122214614618
(901, 901, 1) 38.38798376540718
(951, 951, 1) 38.81611428249251
(1001, 1001, 1) 38.96084808600042
(1051, 1051, 1) 38.71065010807293
(1101, 1101, 1) 38.79139790687488
(1151, 1151, 1) 38.92405650992367
(1201, 1201, 1) 38.90675227671098
(1251, 1251, 1) 38.677491568480896
(1301, 1301, 1) 38.775424914510104
(1351, 1351, 1) 39.140198693207424
(1401, 1401, 1) 38.776456700261825
(1451, 1451, 1) 39.194305377992215
(1501, 1501, 1) 39.390705762527965
(1551, 1551, 1) 39.112397494601105
(1601, 1601, 1) 38.973829732140565
(1651, 1651, 1) 39.170152950183706
(1701, 1701, 1) 39.39115306782209
(1751, 1751, 1) 39.038259252843666
(1801, 1801, 1) 39.08717232020456
(1851, 1851, 1) 39.275063534940244
(1901, 1901, 1) 39.66657691887709
(1951, 1951, 1) 39.35887620542238
(2001, 2001, 1) 39.246885085727804
(2051, 2051, 1) 38.95063372403646
(2101, 2101, 1) 39.36716246130336
(2151, 2151, 1) 39.380869308031805
(2201, 2201, 1) 39.31898194899721
(2251, 2251, 1) 39.45331433249782
(2301, 2301, 1) 39.48666224788514
(2351, 2351, 1) 39.39494207754452
(2401, 2401, 1) 39.357108728133475
(2451, 2451, 1) 39.44020637996305
(2501, 2501, 1) 39.50843706730982
(2551, 2551, 1) 39.705223394007625
(2601, 2601, 1) 39.27882650415554
(2651, 2651, 1) 39.576579961387445
(2701, 2701, 1) 39.39418168236264
(2751, 2751, 1) 39.7526518545063
(2801, 2801, 1) 39.877042395583096
(2851, 2851, 1) 39.69343995470199
(2901, 2901, 1) 39.624682290252785
(2951, 2951, 1) 39.55529697156092
(3001, 3001, 1) 39.74209891688896
(3051, 3051, 1) 39.820120501492624
(3101, 3101, 1) 39.72990375581947
(3151, 3151, 1) 39.66937401825195
(3201, 3201, 1) 39.699807349803294
(3251, 3251, 1) 39.987584600803046
(3301, 3301, 1) 40.125293188173345
(3351, 3351, 1) 40.1557517278362
(3401, 3401, 1) 39.87682028230444
(3451, 3451, 1) 39.81000181156832
(3501, 3501, 1) 39.80572573722086
(3551, 3551, 1) 40.04925906537524
(3601, 3601, 1) 40.091111085688574
(3651, 3651, 1) 40.037399037768836
(3701, 3701, 1) 40.129685191778066
(3727, 1, 2) 39.784911022842714
(3777, 51, 2) 39.723135538217726
(3827, 101, 2) 39.67705352646567
(3877, 151, 2) 40.1834364236588
(3927, 201, 2) 39.97196763356566
(3977, 251, 2) 40.21010193877638
(4027, 301, 2) 40.19167099391802
(4077, 351, 2) 40.385033091299135
(4127, 401, 2) 40.195773136717115
(4177, 451, 2) 40.425131360942714
(4227, 501, 2) 40.264501397058446
(4277, 551, 2) 40.17895384342823
(4327, 601, 2) 40.349923057784736
(4377, 651, 2) 40.44580168873805
(4427, 701, 2) 40.29527573246823
(4477, 751, 2) 40.525193736599185
(4527, 801, 2) 40.37094601638611
(4577, 851, 2) 40.419716377291856
(4627, 901, 2) 40.36829199692167
(4677, 951, 2) 40.57971255494036
(4727, 1001, 2) 40.75392623181003
(4777, 1051, 2) 40.65053608984227
(4827, 1101, 2) 40.83183404767411
(4877, 1151, 2) 40.71350075415652
(4927, 1201, 2) 40.90440197789221
(4977, 1251, 2) 40.580166371289216
(5027, 1301, 2) 40.895431365956405
(5077, 1351, 2) 40.98371741475862
(5127, 1401, 2) 40.96592042850913
(5177, 1451, 2) 40.80047820857084
(5227, 1501, 2) 40.99304943509721
(5277, 1551, 2) 40.66698375530125
(5327, 1601, 2) 41.216799280142396
(5377, 1651, 2) 41.13655885881016
(5427, 1701, 2) 41.37180481840348
(5477, 1751, 2) 40.939689835604305
(5527, 1801, 2) 40.780988639920004
(5577, 1851, 2) 41.02852514651109
(5627, 1901, 2) 41.18252032890102
(5677, 1951, 2) 41.35557323118194
(5727, 2001, 2) 41.45005346861311
(5777, 2051, 2) 40.96813028234443
(5827, 2101, 2) 41.04950403738232
(5877, 2151, 2) 41.222359401333904
(5927, 2201, 2) 41.11702230961841
(5977, 2251, 2) 41.221107504597136
(6027, 2301, 2) 40.944471010984145
(6077, 2351, 2) 41.40208405919573
(6127, 2401, 2) 41.21520839979514
(6177, 2451, 2) 41.376353898526915
(6227, 2501, 2) 41.38284107496937
(6277, 2551, 2) 41.5122331281296
(6327, 2601, 2) 40.49622011688394
(6377, 2651, 2) 41.28067144492975
(6427, 2701, 2) 41.3402880248024
(6477, 2751, 2) 41.098544104349536
(6527, 2801, 2) 41.39671496014177
(6577, 2851, 2) 41.22451621642717
(6627, 2901, 2) 41.42242662680113
(6677, 2951, 2) 41.33753148469595
(6727, 3001, 2) 41.29420596404831
(6777, 3051, 2) 41.492961937578436
(6827, 3101, 2) 41.49015708841325
(6877, 3151, 2) 40.887277035145935
(6927, 3201, 2) 41.26069201425724
(6977, 3251, 2) 41.21419521254757
(7027, 3301, 2) 41.91176490966091
(7077, 3351, 2) 42.026553521786695
(7127, 3401, 2) 41.46162523745149
(7177, 3451, 2) 41.65477649041302
(7227, 3501, 2) 41.38040084846343
(7277, 3551, 2) 41.58929711136201
(7327, 3601, 2) 41.7789465082966
(7377, 3651, 2) 41.47142388965015
(7427, 3701, 2) 41.628704937665205
(7453, 1, 3) 41.087634865209395
(7503, 51, 3) 41.4902623344092
(7553, 101, 3) 41.75813610950686
(7603, 151, 3) 41.423475716108904
(7653, 201, 3) 41.950834446788846
(7703, 251, 3) 40.813858804338594
(7753, 301, 3) 41.096515000322455
(7803, 351, 3) 41.71050549790822
(7853, 401, 3) 41.83316179326854
(7903, 451, 3) 41.33490772627874
(7953, 501, 3) 40.68732889894596
(8003, 551, 3) 41.23545697255616
(8053, 601, 3) 41.35208137652558
(8103, 651, 3) 41.30603433671277
(8153, 701, 3) 41.12991344171928
(8203, 751, 3) 41.21793074496866
(8253, 801, 3) 41.09172282269779
(8303, 851, 3) 41.707944796636234
(8353, 901, 3) 41.45509491853601
(8403, 951, 3) 41.618207346908356
(8453, 1001, 3) 41.43374371011014
(8503, 1051, 3) 42.00284511375723
(8553, 1101, 3) 41.23367609967597
(8603, 1151, 3) 41.436392812800754
(8653, 1201, 3) 42.010269803758064
(8703, 1251, 3) 41.06610725310594
(8753, 1301, 3) 41.09141714550395
(8803, 1351, 3) 41.94522545695346
(8853, 1401, 3) 41.63483074844452
(8903, 1451, 3) 41.41705878732804
(8953, 1501, 3) 41.961255689863776
(9003, 1551, 3) 41.46694679084946
(9053, 1601, 3) 40.96891456982329
(9103, 1651, 3) 41.785405816177075
(9153, 1701, 3) 41.97267151446701
(9203, 1751, 3) 41.84368834276206
(9253, 1801, 3) 41.767157190855436
(9303, 1851, 3) 41.56005455001678
(9353, 1901, 3) 41.504672546362016
(9403, 1951, 3) 41.54069159793534
(9453, 2001, 3) 41.2040644291909
(9503, 2051, 3) 41.28648728284077
(9553, 2101, 3) 41.11565650769928
(9603, 2151, 3) 41.6025322059132
(9653, 2201, 3) 41.56962199106309
(9703, 2251, 3) 41.41949145933509
(9753, 2301, 3) 41.490049062681216
(9803, 2351, 3) 41.893052732756225
(9853, 2401, 3) 41.83783864566288
(9903, 2451, 3) 41.677359597265756
(9953, 2501, 3) 41.743181738019
(10003, 2551, 3) 41.88067105233998
(10053, 2601, 3) 41.81070362488328
(10103, 2651, 3) 42.00002000586766
(10153, 2701, 3) 41.121459335289224
(10203, 2751, 3) 41.36877790953303
(10253, 2801, 3) 41.88715627658602
(10303, 2851, 3) 41.95860720640121
(10353, 2901, 3) 41.39842253677263
(10403, 2951, 3) 42.20706424595343
(10453, 3001, 3) 41.60847597905026
(10503, 3051, 3) 41.084728524739255
(10553, 3101, 3) 41.57668950856163
(10603, 3151, 3) 41.40350962597443
(10653, 3201, 3) 41.739666388890434
(10703, 3251, 3) 41.67671904896674
(10753, 3301, 3) 41.71788920660892
(10803, 3351, 3) 41.22863821734918
(10853, 3401, 3) 41.44397855404466
(10903, 3451, 3) 41.28170286449168
(10953, 3501, 3) 41.23968129438947
(11003, 3551, 3) 41.580887296381896
(11053, 3601, 3) 41.606564032446535
(11103, 3651, 3) 41.58528216571684
(11153, 3701, 3) 41.113559370967074
(11179, 1, 4) 41.20062167319144
(11229, 51, 4) 41.244472310317555
(11279, 101, 4) 41.94348000226959
(11329, 151, 4) 42.00257643379758
(11379, 201, 4) 41.29922466723491
(11429, 251, 4) 41.452437980975695
(11479, 301, 4) 41.187439731990445
(11529, 351, 4) 41.69323682453834
(11579, 401, 4) 40.62181221484093
(11629, 451, 4) 41.153775722262715
(11679, 501, 4) 41.59462313547612
(11729, 551, 4) 41.90917531279513
(11779, 601, 4) 41.068547576156476
(11829, 651, 4) 40.581721377122335
(11879, 701, 4) 41.56295043458939
(11929, 751, 4) 41.408277041612045
(11979, 801, 4) 41.58338227285172
(12029, 851, 4) 41.65367540366808
(12079, 901, 4) 41.01155740756111
(12129, 951, 4) 41.57554301830285
(12179, 1001, 4) 41.80515735459292
(12229, 1051, 4) 41.826255561399
(12279, 1101, 4) 41.60959520775589
(12329, 1151, 4) 41.009859870930676
(12379, 1201, 4) 41.54593886389616
(12429, 1251, 4) 41.40220169749616
(12479, 1301, 4) 41.284501425653325
(12529, 1351, 4) 41.49010677390975
(12579, 1401, 4) 41.87468516179699
(12629, 1451, 4) 40.81974701736812
(12679, 1501, 4) 41.847324201767286
(12729, 1551, 4) 40.99038182065134
(12779, 1601, 4) 41.38732412344263
(12829, 1651, 4) 41.48309939373071
(12879, 1701, 4) 41.904039968169116
(12929, 1751, 4) 41.7860346959458
(12979, 1801, 4) 41.20816921392594
(13029, 1851, 4) 41.64127807204676
(13079, 1901, 4) 41.63393754461294
(13129, 1951, 4) 42.167980697204236
(13179, 2001, 4) 41.15236032315712
(13229, 2051, 4) 41.05230617048826
(13279, 2101, 4) 41.066896585282336
(13329, 2151, 4) 41.07115727224658
(13379, 2201, 4) 41.18577068207094
(13429, 2251, 4) 41.797655496437216
(13479, 2301, 4) 41.4693507735499
(13529, 2351, 4) 42.04961353764739
(13579, 2401, 4) 41.72690620228433
(13629, 2451, 4) 41.48825313636299
(13679, 2501, 4) 40.53070964378281
(13729, 2551, 4) 41.71225458474579
(13779, 2601, 4) 40.538843375915285
(13829, 2651, 4) 41.32894895155135
(13879, 2701, 4) 41.565742288315825
(13929, 2751, 4) 40.76318325600094
(13979, 2801, 4) 41.53605934360939
(14029, 2851, 4) 42.07443960710901
(14079, 2901, 4) 40.93992242482148
(14129, 2951, 4) 41.33882668139177
(14179, 3001, 4) 41.111072876974255
(14229, 3051, 4) 41.354185094076826
(14279, 3101, 4) 41.11953519111015
(14329, 3151, 4) 41.584491691089006
(14379, 3201, 4) 41.67005182420309
(14429, 3251, 4) 41.84027882625606
(14479, 3301, 4) 42.0994056103637
(14529, 3351, 4) 41.59160548272026
(14579, 3401, 4) 41.56236476319187
(14629, 3451, 4) 41.696060111440666
(14679, 3501, 4) 40.989196235477564
(14729, 3551, 4) 41.68117678160623
(14779, 3601, 4) 41.50378758243128
(14829, 3651, 4) 40.46337897277955
(14879, 3701, 4) 41.03631522648434
