(1, 1, 1) 23.579223222210057
(51, 51, 1) 31.307820510737706
(101, 101, 1) 31.550922764961577
(151, 151, 1) 24.021638113196126
(201, 201, 1) 21.307483349731342
(251, 251, 1) 23.268555893171126
(301, 301, 1) 25.021170025866564
(351, 351, 1) 29.44529842490707
(401, 401, 1) 29.483868494531745
(451, 451, 1) 33.50052177007906
(501, 501, 1) 31.46400435644139
(551, 551, 1) 34.34578188736035
(601, 601, 1) 34.27905148516296
(651, 651, 1) 34.90958680888029
(701, 701, 1) 33.731343285189716
(751, 751, 1) 35.60794802595842
(801, 801, 1) 35.005968141182784
(851, 851, 1) 35.48906203862584
(901, 901, 1) 34.81858003192052
(951, 951, 1) 35.92136500478848
(1001, 1001, 1) 36.22738579507085
(1051, 1051, 1) 35.61739515452437
(1101, 1101, 1) 35.923849029369514
(1151, 1151, 1) 35.9765621581186
(1201, 1201, 1) 36.20234766258352
(1251, 1251, 1) 35.763930941736156
(1301, 1301, 1) 36.07680642857759
(1351, 1351, 1) 36.85422494943016
(1401, 1401, 1) 36.226817704663425
(1451, 1451, 1) 36.661537778286366
(1501, 1501, 1) 37.292294653208415
(1551, 1551, 1) 37.06277625624925
(1601, 1601, 1) 36.466469149239614
(1651, 1651, 1) 36.65716788712783
(1701, 1701, 1) 37.32154233960814
(1751, 1751, 1) 36.686162307597506
(1801, 1801, 1) 36.6135864930928
(1851, 1851, 1) 37.11395527779671
(1901, 1901, 1) 37.997373790520264
(1951, 1951, 1) 37.451101700341404
(2001, 2001, 1) 37.36660071884882
(2051, 2051, 1) 36.27106233339184
(2101, 2101, 1) 37.8107344158085
(2151, 2151, 1) 37.89000801253706
(2201, 2201, 1) 37.597841385556336
(2251, 2251, 1) 38.1745145285082
(2301, 2301, 1) 37.91046664102492
(2351, 2351, 1) 37.54155713698214
(2401, 2401, 1) 37.54928020430175
(2451, 2451, 1) 37.90994103434073
(2501, 2501, 1) 38.19754394479272
(2551, 2551, 1) 38.66452725137125
(2601, 2601, 1) 37.92518582979493
(2651, 2651, 1) 38.16714641762895
(2701, 2701, 1) 38.52925583288007
(2751, 2751, 1) 39.13055165809709
(2801, 2801, 1) 39.27579899179907
(2851, 2851, 1) 39.18495170955187
(2901, 2901, 1) 38.734726752722544
(2951, 2951, 1) 38.956102868046784
(3001, 3001, 1) 39.33972099144859
(3051, 3051, 1) 39.44723013635723
(3101, 3101, 1) 39.69627655507387
(3151, 3151, 1) 39.2785422505425
(3201, 3201, 1) 39.88684271283286
(3251, 3251, 1) 40.16932721896308
(3301, 3301, 1) 40.4226729601296
(3351, 3351, 1) 40.572500458548866
(3401, 3401, 1) 40.176729659561744
(3451, 3451, 1) 40.35512811090143
(3501, 3501, 1) 40.337937619087015
(3551, 3551, 1) 40.88036223995901
(3601, 3601, 1) 40.592132913154
(3651, 3651, 1) 40.99927696488839
(3701, 3701, 1) 41.098540281783244
(3727, 1, 2) 40.73095768721143
(3777, 51, 2) 40.622824621071615
(3827, 101, 2) 40.54475735547538
(3877, 151, 2) 40.812191706419874
(3927, 201, 2) 41.249029354402055
(3977, 251, 2) 41.492318196045595
(4027, 301, 2) 42.107752312114
(4077, 351, 2) 41.66497419975428
(4127, 401, 2) 42.02471416525623
(4177, 451, 2) 42.16241615973867
(4227, 501, 2) 42.30006350010078
(4277, 551, 2) 42.22279842496095
(4327, 601, 2) 42.639267955758484
(4377, 651, 2) 42.90486928355618
(4427, 701, 2) 42.53619303690689
(4477, 751, 2) 43.40891064520467
(4527, 801, 2) 42.971955145570455
(4577, 851, 2) 43.44190888515892
(4627, 901, 2) 43.1086250543735
(4677, 951, 2) 44.01714614188258
(4727, 1001, 2) 43.729164403841
(4777, 1051, 2) 44.078791502900614
(4827, 1101, 2) 44.38328061855599
(4877, 1151, 2) 44.47644002131359
(4927, 1201, 2) 44.35045481925404
(4977, 1251, 2) 44.651380866425264
(5027, 1301, 2) 44.635061902736
(5077, 1351, 2) 45.088131073782
(5127, 1401, 2) 45.42895423903532
(5177, 1451, 2) 45.138621582720795
(5227, 1501, 2) 45.58702995525436
(5277, 1551, 2) 45.895403348441164
(5327, 1601, 2) 46.82984428976341
(5377, 1651, 2) 46.85542496791672
(5427, 1701, 2) 46.89420451961297
(5477, 1751, 2) 46.567248561925894
(5527, 1801, 2) 46.267535655388215
(5577, 1851, 2) 46.33984307697484
(5627, 1901, 2) 46.97457493430112
(5677, 1951, 2) 46.734943383242786
(5727, 2001, 2) 47.49084208104304
(5777, 2051, 2) 46.9418849955362
(5827, 2101, 2) 46.71077780621764
(5877, 2151, 2) 46.388634052097174
(5927, 2201, 2) 48.149868693410106
(5977, 2251, 2) 47.05318949170323
(6027, 2301, 2) 47.718806562788636
(6077, 2351, 2) 47.2372863315445
(6127, 2401, 2) 47.747090235834364
(6177, 2451, 2) 47.870998230887096
(6227, 2501, 2) 47.333590767390454
(6277, 2551, 2) 47.85665659358706
(6327, 2601, 2) 47.1309247614649
(6377, 2651, 2) 48.43775313383883
(6427, 2701, 2) 48.47948823317608
(6477, 2751, 2) 48.13205779418534
(6527, 2801, 2) 48.036860585893926
(6577, 2851, 2) 49.66370228099797
(6627, 2901, 2) 49.5403688784592
(6677, 2951, 2) 49.42462255520107
(6727, 3001, 2) 48.98828284341265
(6777, 3051, 2) 48.88666605166188
(6827, 3101, 2) 49.50841926063319
(6877, 3151, 2) 49.090503222755885
(6927, 3201, 2) 50.17269005618328
(6977, 3251, 2) 50.372489702926515
(7027, 3301, 2) 51.172501639391
(7077, 3351, 2) 51.37863266954006
(7127, 3401, 2) 49.76727871347109
(7177, 3451, 2) 51.079151883413374
(7227, 3501, 2) 50.5585405388437
(7277, 3551, 2) 50.809999650400464
(7327, 3601, 2) 50.28186879345958
(7377, 3651, 2) 50.90245511125199
(7427, 3701, 2) 50.5046819126989
(7453, 1, 3) 50.498264921235695
(7503, 51, 3) 50.94642211423476
(7553, 101, 3) 51.5383585576638
(7603, 151, 3) 49.153566616040536
(7653, 201, 3) 51.23478388174092
(7703, 251, 3) 49.19328556117734
(7753, 301, 3) 50.293520456126615
(7803, 351, 3) 49.88914402125333
(7853, 401, 3) 51.11965577291168
(7903, 451, 3) 50.68835675189288
(7953, 501, 3) 50.02080277465131
(8003, 551, 3) 51.01360925724106
(8053, 601, 3) 51.085165384303565
(8103, 651, 3) 50.32590223268897
(8153, 701, 3) 51.47223151755262
(8203, 751, 3) 51.804854974582994
(8253, 801, 3) 51.17826519539259
(8303, 851, 3) 51.38078304234332
(8353, 901, 3) 51.98965034748858
(8403, 951, 3) 51.927295447698384
(8453, 1001, 3) 51.665003227832464
(8503, 1051, 3) 52.762855873068084
(8553, 1101, 3) 51.356530376781194
(8603, 1151, 3) 52.924982708381144
(8653, 1201, 3) 50.75062797229033
(8703, 1251, 3) 51.74366628831236
(8753, 1301, 3) 50.84053183547881
(8803, 1351, 3) 52.642492627659564
(8853, 1401, 3) 51.96871376517864
(8903, 1451, 3) 51.678641098282405
(8953, 1501, 3) 51.983075317775075
(9003, 1551, 3) 53.316274220462645
(9053, 1601, 3) 51.873174811916996
(9103, 1651, 3) 52.35927550419019
(9153, 1701, 3) 53.20160990947884
(9203, 1751, 3) 52.638312287368564
(9253, 1801, 3) 52.88957292734335
(9303, 1851, 3) 52.83883455364954
(9353, 1901, 3) 53.18983579163997
(9403, 1951, 3) 53.09884831353513
(9453, 2001, 3) 52.89961994772159
(9503, 2051, 3) 53.503575512174486
(9553, 2101, 3) 53.12184734245412
(9603, 2151, 3) 52.785560535254795
(9653, 2201, 3) 53.58226845021353
(9703, 2251, 3) 52.77068560356204
(9753, 2301, 3) 52.562370346459
(9803, 2351, 3) 52.544449308942355
(9853, 2401, 3) 53.73223560868963
(9903, 2451, 3) 53.60767614867462
(9953, 2501, 3) 53.95663871920977
(10003, 2551, 3) 52.93782703627687
(10053, 2601, 3) 54.18761843683322
(10103, 2651, 3) 53.96867997113435
(10153, 2701, 3) 53.47066533483924
(10203, 2751, 3) 54.17832942352627
(10253, 2801, 3) 54.002913500443725
(10303, 2851, 3) 54.29376265490626
(10353, 2901, 3) 54.74348146284787
(10403, 2951, 3) 54.97749885590218
(10453, 3001, 3) 54.012627062610655
(10503, 3051, 3) 53.73719093616529
(10553, 3101, 3) 54.94136723694254
(10603, 3151, 3) 54.02633016033717
(10653, 3201, 3) 53.74721896496602
(10703, 3251, 3) 53.8077958302597
(10753, 3301, 3) 53.87384108903681
(10803, 3351, 3) 53.71461404100315
(10853, 3401, 3) 53.75828197052313
(10903, 3451, 3) 54.17094292779839
(10953, 3501, 3) 54.52678998893921
(11003, 3551, 3) 54.820157723527785
(11053, 3601, 3) 54.58785436769763
(11103, 3651, 3) 54.188393122997226
(11153, 3701, 3) 54.29804300513451
(11179, 1, 4) 54.1799240109342
(11229, 51, 4) 55.411593750532425
(11279, 101, 4) 54.01866242576292
(11329, 151, 4) 54.3339157104608
(11379, 201, 4) 54.325653419273046
(11429, 251, 4) 54.14692091978108
(11479, 301, 4) 53.66243937680106
(11529, 351, 4) 52.25852083542408
(11579, 401, 4) 53.314326009518666
(11629, 451, 4) 53.94093666420397
(11679, 501, 4) 54.2024582087405
(11729, 551, 4) 54.60059178904076
(11779, 601, 4) 54.423688603429724
(11829, 651, 4) 53.26386573892354
(11879, 701, 4) 54.479253681832716
(11929, 751, 4) 54.400745258579164
(11979, 801, 4) 54.37725100135194
(12029, 851, 4) 54.37484902574038
(12079, 901, 4) 54.13963167813658
(12129, 951, 4) 54.567062873243856
(12179, 1001, 4) 54.819300892969544
(12229, 1051, 4) 55.03179649389407
(12279, 1101, 4) 53.96631530035367
(12329, 1151, 4) 54.228034506083965
(12379, 1201, 4) 52.84609104827326
(12429, 1251, 4) 54.61040426671775
(12479, 1301, 4) 55.33969184090396
(12529, 1351, 4) 54.73167120701717
(12579, 1401, 4) 55.780609406043645
(12629, 1451, 4) 53.78560641227783
(12679, 1501, 4) 54.97686359257536
(12729, 1551, 4) 54.8381508209187
(12779, 1601, 4) 54.267633164521
(12829, 1651, 4) 54.47103779788747
(12879, 1701, 4) 53.42436376228951
(12929, 1751, 4) 53.847020324182736
(12979, 1801, 4) 53.75960609535445
(13029, 1851, 4) 54.60311775391483
(13079, 1901, 4) 54.448359427108684
(13129, 1951, 4) 54.88495245564222
(13179, 2001, 4) 54.535120658978265
(13229, 2051, 4) 54.78567709587773
(13279, 2101, 4) 54.461156971168045
(13329, 2151, 4) 55.052214836050275
(13379, 2201, 4) 55.034604442154446
(13429, 2251, 4) 55.17251957671381
(13479, 2301, 4) 54.82721446294114
(13529, 2351, 4) 54.657324743389815
(13579, 2401, 4) 54.38691672717374
(13629, 2451, 4) 55.54652696171419
(13679, 2501, 4) 54.73004603953139
(13729, 2551, 4) 54.38455583691989
(13779, 2601, 4) 54.13090775839533
(13829, 2651, 4) 54.377627061409015
(13879, 2701, 4) 54.90013916495799
(13929, 2751, 4) 54.53341713573987
(13979, 2801, 4) 55.49202846483092
(14029, 2851, 4) 55.546422522916096
(14079, 2901, 4) 55.24665916992972
(14129, 2951, 4) 54.32617544635014
(14179, 3001, 4) 54.99285134420301
(14229, 3051, 4) 55.91977568534099
(14279, 3101, 4) 55.26253418305329
(14329, 3151, 4) 54.69871215365776
(14379, 3201, 4) 55.31056744052538
(14429, 3251, 4) 54.49127888447922
(14479, 3301, 4) 54.84853235654107
(14529, 3351, 4) 55.755979483395556
(14579, 3401, 4) 55.932816386822125
(14629, 3451, 4) 56.075532922396306
(14679, 3501, 4) 55.48690214313541
(14729, 3551, 4) 56.16846348217302
(14779, 3601, 4) 55.865981009061514
(14829, 3651, 4) 55.31587442347254
(14879, 3701, 4) 55.63916962866583
