(1, 1, 1) 24.19032948430798
(51, 51, 1) 31.57904722755866
(101, 101, 1) 31.858342553543125
(151, 151, 1) 25.127952603514764
(201, 201, 1) 21.78317394099904
(251, 251, 1) 24.837537685811608
(301, 301, 1) 26.98714987176214
(351, 351, 1) 30.689667164826307
(401, 401, 1) 31.09979395884288
(451, 451, 1) 35.05495285209959
(501, 501, 1) 33.07388610623594
(551, 551, 1) 35.73328599800536
(601, 601, 1) 35.54204586684641
(651, 651, 1) 35.97315322286287
(701, 701, 1) 35.11880465372904
(751, 751, 1) 36.88889078828601
(801, 801, 1) 36.28578667366214
(851, 851, 1) 36.920467063079
(901, 901, 1) 36.38577987948581
(951, 951, 1) 37.34786269639399
(1001, 1001, 1) 37.55931116588512
(1051, 1051, 1) 37.37320572558093
(1101, 1101, 1) 37.37528950306
(1151, 1151, 1) 37.50393236928428
(1201, 1201, 1) 37.9163661413106
(1251, 1251, 1) 37.23213107142974
(1301, 1301, 1) 37.646043755381584
(1351, 1351, 1) 38.33109716422507
(1401, 1401, 1) 37.7670343517084
(1451, 1451, 1) 38.34405831416154
(1501, 1501, 1) 38.652071013932044
(1551, 1551, 1) 38.746140759917516
(1601, 1601, 1) 38.16300037232802
(1651, 1651, 1) 38.31074501501314
(1701, 1701, 1) 38.905610099717826
(1751, 1751, 1) 38.36250055289078
(1801, 1801, 1) 38.45337768077172
(1851, 1851, 1) 38.82136395542125
(1901, 1901, 1) 39.7476564590032
(1951, 1951, 1) 39.068233953399734
(2001, 2001, 1) 39.07448512285796
(2051, 2051, 1) 38.1476774656088
(2101, 2101, 1) 39.59255590265386
(2151, 2151, 1) 39.49643018509047
(2201, 2201, 1) 39.38974906739923
(2251, 2251, 1) 39.94565113582304
(2301, 2301, 1) 39.68800474649074
(2351, 2351, 1) 39.08022244819949
(2401, 2401, 1) 39.18986077563923
(2451, 2451, 1) 39.75612343762512
(2501, 2501, 1) 39.78438962819162
(2551, 2551, 1) 40.43589908057476
(2601, 2601, 1) 39.76310544243096
(2651, 2651, 1) 40.04333380164255
(2701, 2701, 1) 40.4095690265729
(2751, 2751, 1) 40.97327719423135
(2801, 2801, 1) 40.90654304411683
(2851, 2851, 1) 41.11574237567287
(2901, 2901, 1) 40.39754242422964
(2951, 2951, 1) 40.74439449268388
(3001, 3001, 1) 41.20986663532028
(3051, 3051, 1) 41.31299145506688
(3101, 3101, 1) 41.501018854079426
(3151, 3151, 1) 41.02064245331733
(3201, 3201, 1) 41.58976531713765
(3251, 3251, 1) 41.82122755112091
(3301, 3301, 1) 42.159882211266506
(3351, 3351, 1) 42.238171923997065
(3401, 3401, 1) 41.83965361313235
(3451, 3451, 1) 42.09975198902326
(3501, 3501, 1) 41.8938366467775
(3551, 3551, 1) 42.53099864419401
(3601, 3601, 1) 42.1614170638025
(3651, 3651, 1) 42.620121901969114
(3701, 3701, 1) 42.75158329732708
(3727, 1, 2) 42.495551910967315
(3777, 51, 2) 42.269897515559606
(3827, 101, 2) 42.06956659257549
(3877, 151, 2) 42.14561701993247
(3927, 201, 2) 42.70162955959679
(3977, 251, 2) 42.96452691112666
(4027, 301, 2) 43.68351736624845
(4077, 351, 2) 43.12909146463066
(4127, 401, 2) 43.34510459204757
(4177, 451, 2) 43.485272901290855
(4227, 501, 2) 43.751846189294305
(4277, 551, 2) 43.628397098033595
(4327, 601, 2) 43.9885058925646
(4377, 651, 2) 44.12568777169834
(4427, 701, 2) 43.79759435215636
(4477, 751, 2) 44.78334593118027
(4527, 801, 2) 44.30677907117314
(4577, 851, 2) 44.724550830574195
(4627, 901, 2) 44.48283341397244
(4677, 951, 2) 45.16476506363198
(4727, 1001, 2) 44.91184932173758
(4777, 1051, 2) 45.196021112903686
(4827, 1101, 2) 45.48182827037703
(4877, 1151, 2) 45.60542191270486
(4927, 1201, 2) 45.474440908133445
(4977, 1251, 2) 45.78250533921633
(5027, 1301, 2) 45.59318580610163
(5077, 1351, 2) 46.05764296354086
(5127, 1401, 2) 46.50802557322044
(5177, 1451, 2) 46.08403450725989
(5227, 1501, 2) 46.46160677232152
(5277, 1551, 2) 46.80073568529222
(5327, 1601, 2) 47.65796722362688
(5377, 1651, 2) 47.7168119929132
(5427, 1701, 2) 47.69679519270902
(5477, 1751, 2) 47.3455695173872
(5527, 1801, 2) 47.02107383359682
(5577, 1851, 2) 47.15147191758503
(5627, 1901, 2) 47.7404105641121
(5677, 1951, 2) 47.56089751953981
(5727, 2001, 2) 48.21081965050025
(5777, 2051, 2) 47.660118649658784
(5827, 2101, 2) 47.450720670115906
(5877, 2151, 2) 47.06256174826905
(5927, 2201, 2) 48.72732727773654
(5977, 2251, 2) 47.64794234429161
(6027, 2301, 2) 48.29526527027699
(6077, 2351, 2) 47.893574396286546
(6127, 2401, 2) 48.31376354239359
(6177, 2451, 2) 48.44792201585527
(6227, 2501, 2) 47.90822067629884
(6277, 2551, 2) 48.40643763573757
(6327, 2601, 2) 47.680385348725316
(6377, 2651, 2) 48.971972017403175
(6427, 2701, 2) 48.936307144108554
(6477, 2751, 2) 48.578254462780784
(6527, 2801, 2) 48.545959943214385
(6577, 2851, 2) 50.03948935486977
(6627, 2901, 2) 49.91823822769771
(6677, 2951, 2) 49.82356841447258
(6727, 3001, 2) 49.41662956625568
(6777, 3051, 2) 49.32163270645656
(6827, 3101, 2) 49.91369234339316
(6877, 3151, 2) 49.51931374963519
(6927, 3201, 2) 50.51465550295487
(6977, 3251, 2) 50.6190790111957
(7027, 3301, 2) 51.47665963602467
(7077, 3351, 2) 51.61141362062606
(7127, 3401, 2) 50.08192263837121
(7177, 3451, 2) 51.298394778478894
(7227, 3501, 2) 50.77881908848285
(7277, 3551, 2) 51.10049746469206
(7327, 3601, 2) 50.569932034597024
(7377, 3651, 2) 51.101927550436976
(7427, 3701, 2) 50.770236465240885
(7453, 1, 3) 50.71091662891579
(7503, 51, 3) 51.15792919952871
(7553, 101, 3) 51.75142273288611
(7603, 151, 3) 49.40291519264035
(7653, 201, 3) 51.4319065798021
(7703, 251, 3) 49.48085500922535
(7753, 301, 3) 50.519498894271365
(7803, 351, 3) 50.17967600420026
(7853, 401, 3) 51.31979728328639
(7903, 451, 3) 50.86857773648952
(7953, 501, 3) 50.19587618955779
(8003, 551, 3) 51.14272716892718
(8053, 601, 3) 51.27048267168654
(8103, 651, 3) 50.46277440485565
(8153, 701, 3) 51.603311279836205
(8203, 751, 3) 51.93010076009998
(8253, 801, 3) 51.303761899051615
(8303, 851, 3) 51.52797800511816
(8353, 901, 3) 52.106518314383855
(8403, 951, 3) 52.04370739588747
(8453, 1001, 3) 51.81233347101449
(8503, 1051, 3) 52.87652570193626
(8553, 1101, 3) 51.48743279705689
(8603, 1151, 3) 53.017529129929606
(8653, 1201, 3) 50.95171522995031
(8703, 1251, 3) 51.8374377338562
(8753, 1301, 3) 50.9660507473716
(8803, 1351, 3) 52.737539642672026
(8853, 1401, 3) 52.079356499436024
(8903, 1451, 3) 51.75976995065663
(8953, 1501, 3) 52.09603975247051
(9003, 1551, 3) 53.36681973875389
(9053, 1601, 3) 51.941805370532435
(9103, 1651, 3) 52.45189836376819
(9153, 1701, 3) 53.26109883785828
(9203, 1751, 3) 52.725880741879735
(9253, 1801, 3) 52.96178019773604
(9303, 1851, 3) 52.88700464488233
(9353, 1901, 3) 53.2345956600401
(9403, 1951, 3) 53.157100128954085
(9453, 2001, 3) 52.94381879234338
(9503, 2051, 3) 53.54873309715261
(9553, 2101, 3) 53.17160977736614
(9603, 2151, 3) 52.85352564468768
(9653, 2201, 3) 53.610780291919156
(9703, 2251, 3) 52.82014070104345
(9753, 2301, 3) 52.61787632437094
(9803, 2351, 3) 52.62493347027718
(9853, 2401, 3) 53.7645707916726
(9903, 2451, 3) 53.64633375334177
(9953, 2501, 3) 53.99795658212631
(10003, 2551, 3) 53.01343259307861
(10053, 2601, 3) 54.226138284078864
(10103, 2651, 3) 54.010347911590685
(10153, 2701, 3) 53.49578293579913
(10203, 2751, 3) 54.200847622873574
(10253, 2801, 3) 54.03673415853119
(10303, 2851, 3) 54.321753698504736
(10353, 2901, 3) 54.75752132940867
(10403, 2951, 3) 55.00419453345485
(10453, 3001, 3) 54.04343496166184
(10503, 3051, 3) 53.7564521167734
(10553, 3101, 3) 54.95910086763761
(10603, 3151, 3) 54.04703821832608
(10653, 3201, 3) 53.77681055978949
(10703, 3251, 3) 53.83743606129774
(10753, 3301, 3) 53.90696181885312
(10803, 3351, 3) 53.73565534362309
(10853, 3401, 3) 53.78385906078661
(10903, 3451, 3) 54.18502278841581
(10953, 3501, 3) 54.537482009724044
(11003, 3551, 3) 54.83280624645697
(11053, 3601, 3) 54.60105529599375
(11103, 3651, 3) 54.20754740903949
(11153, 3701, 3) 54.313831023103965
(11179, 1, 4) 54.19402591960323
(11229, 51, 4) 55.41841561381592
(11279, 101, 4) 54.046126243295504
(11329, 151, 4) 54.35668325812926
(11379, 201, 4) 54.333229750830256
(11429, 251, 4) 54.173989897023056
(11479, 301, 4) 53.67701248497529
(11529, 351, 4) 52.31316478764486
(11579, 401, 4) 53.32076432150616
(11629, 451, 4) 53.95514199243928
(11679, 501, 4) 54.21854093504914
(11729, 551, 4) 54.61278284997816
(11779, 601, 4) 54.431734063312746
(11829, 651, 4) 53.27297837196744
(11879, 701, 4) 54.493281786150895
(11929, 751, 4) 54.41117668545243
(11979, 801, 4) 54.39681304694517
(12029, 851, 4) 54.39268948994583
(12079, 901, 4) 54.15045239440857
(12129, 951, 4) 54.57898148850244
(12179, 1001, 4) 54.83291956486583
(12229, 1051, 4) 55.04406662670923
(12279, 1101, 4) 53.98119072890236
(12329, 1151, 4) 54.23432705608238
(12379, 1201, 4) 52.875190525037375
(12429, 1251, 4) 54.617340715595
(12479, 1301, 4) 55.34209802229613
(12529, 1351, 4) 54.73674901270794
(12579, 1401, 4) 55.78402090059832
(12629, 1451, 4) 53.790665290642856
(12679, 1501, 4) 54.98369514441354
(12729, 1551, 4) 54.840727659117704
(12779, 1601, 4) 54.27455427389587
(12829, 1651, 4) 54.47830763273417
(12879, 1701, 4) 53.450606453424875
(12929, 1751, 4) 53.86467030008378
(12979, 1801, 4) 53.76988250843755
(13029, 1851, 4) 54.61648644633389
(13079, 1901, 4) 54.46088935449297
(13129, 1951, 4) 54.89451579096563
(13179, 2001, 4) 54.53773343260689
(13229, 2051, 4) 54.78774807293851
(13279, 2101, 4) 54.46464505864823
(13329, 2151, 4) 55.05440211674604
(13379, 2201, 4) 55.03679542341232
(13429, 2251, 4) 55.17677098686362
(13479, 2301, 4) 54.82986246738246
(13529, 2351, 4) 54.66672541183545
(13579, 2401, 4) 54.393961673821536
(13629, 2451, 4) 55.548310646579466
(13679, 2501, 4) 54.732472115669
(13729, 2551, 4) 54.39362150445473
(13779, 2601, 4) 54.13314518068895
(13829, 2651, 4) 54.38165819033952
(13879, 2701, 4) 54.903302184752256
(13929, 2751, 4) 54.536347265412566
(13979, 2801, 4) 55.4941391759993
(14029, 2851, 4) 55.55030594246342
(14079, 2901, 4) 55.24895229196998
(14129, 2951, 4) 54.33117609535636
(14179, 3001, 4) 54.99464215441174
(14229, 3051, 4) 55.9220680948512
(14279, 3101, 4) 55.26519315377894
(14329, 3151, 4) 54.702713900284905
(14379, 3201, 4) 55.31338638684321
(14429, 3251, 4) 54.49542560600844
(14479, 3301, 4) 54.85559791025732
(14529, 3351, 4) 55.75973959776761
(14579, 3401, 4) 55.93597795124848
(14629, 3451, 4) 56.07948023273129
(14679, 3501, 4) 55.491451043959174
(14729, 3551, 4) 56.170292498116204
(14779, 3601, 4) 55.868348197223426
(14829, 3651, 4) 55.32137193030837
(14879, 3701, 4) 55.644175880065205
