(1, 1, 1) 75.40662750826594
(51, 51, 1) 76.23611572335533
(101, 101, 1) 76.19393643370078
(151, 151, 1) 75.07922810244861
(201, 201, 1) 74.81756958010392
(251, 251, 1) 74.46483297838465
(301, 301, 1) 74.472654670364
(351, 351, 1) 75.02380771807059
(401, 401, 1) 74.7526827457709
(451, 451, 1) 74.98728733147475
(501, 501, 1) 74.96319773225252
(551, 551, 1) 75.25166377826216
(601, 601, 1) 75.24786412776767
(651, 651, 1) 75.78305018770838
(701, 701, 1) 75.33584887602515
(751, 751, 1) 75.66434191031574
(801, 801, 1) 75.58302718734264
(851, 851, 1) 75.506457026071
(901, 901, 1) 75.33313405459052
(951, 951, 1) 75.57268843248352
(1001, 1001, 1) 75.72385092731035
(1051, 1051, 1) 75.29747194141657
(1101, 1101, 1) 75.62139073685024
(1151, 1151, 1) 75.51882285448146
(1201, 1201, 1) 75.29713023445616
(1251, 1251, 1) 75.44548261570284
(1301, 1301, 1) 75.37813401576781
(1351, 1351, 1) 75.50299105170475
(1401, 1401, 1) 75.46610831301446
(1451, 1451, 1) 75.45169186182909
(1501, 1501, 1) 75.7901047716491
(1551, 1551, 1) 75.32095004429665
(1601, 1601, 1) 75.36380099809826
(1651, 1651, 1) 75.46081349314099
(1701, 1701, 1) 75.56262323917366
(1751, 1751, 1) 75.29347761347331
(1801, 1801, 1) 75.13093364193433
(1851, 1851, 1) 75.20812995361305
(1901, 1901, 1) 75.30178510570151
(1951, 1951, 1) 75.2826457377497
(2001, 2001, 1) 75.16646601862134
(2051, 2051, 1) 75.00854720719208
(2101, 2101, 1) 75.0343878255494
(2151, 2151, 1) 75.1370337449367
(2201, 2201, 1) 74.92657181578426
(2251, 2251, 1) 74.9419578622783
(2301, 2301, 1) 74.93725314691059
(2351, 2351, 1) 75.23888036302989
(2401, 2401, 1) 75.12890969266066
(2451, 2451, 1) 74.83116980392323
(2501, 2501, 1) 75.01604606475688
(2551, 2551, 1) 74.78462844763159
(2601, 2601, 1) 74.57873211040932
(2651, 2651, 1) 74.67565178643362
(2701, 2701, 1) 74.17976902954705
(2751, 2751, 1) 74.58855004133127
(2801, 2801, 1) 74.80336034820057
(2851, 2851, 1) 74.01596083302681
(2901, 2901, 1) 74.36539933627064
(2951, 2951, 1) 74.33605756899175
(3001, 3001, 1) 74.15308607776396
(3051, 3051, 1) 74.26263836295037
(3101, 3101, 1) 73.81235721750754
(3151, 3151, 1) 73.989306736122
(3201, 3201, 1) 73.70473170137231
(3251, 3251, 1) 74.28043159896184
(3301, 3301, 1) 74.27567905529587
(3351, 3351, 1) 74.16740565769784
(3401, 3401, 1) 73.90221782945062
(3451, 3451, 1) 73.63135016757755
(3501, 3501, 1) 73.7567219420271
(3551, 3551, 1) 73.59014488938095
(3601, 3601, 1) 73.76301359610548
(3651, 3651, 1) 73.41174757437955
(3701, 3701, 1) 73.64243829494815
(3727, 1, 2) 73.22549726571442
(3777, 51, 2) 72.97988070278451
(3827, 101, 2) 73.0691535915262
(3877, 151, 2) 74.13500807337955
(3927, 201, 2) 73.34346523389718
(3977, 251, 2) 73.57805598294897
(4027, 301, 2) 72.97972109737815
(4077, 351, 2) 74.05165063166616
(4127, 401, 2) 73.2720772771557
(4177, 451, 2) 73.69003178064064
(4227, 501, 2) 73.07347951470345
(4277, 551, 2) 73.04330442252163
(4327, 601, 2) 73.16248369889887
(4377, 651, 2) 73.54713086870888
(4427, 701, 2) 72.91466864899554
(4477, 751, 2) 72.93403684838037
(4527, 801, 2) 72.89061880744842
(4577, 851, 2) 72.6834354413182
(4627, 901, 2) 72.91256103610836
(4677, 951, 2) 72.4968770095588
(4727, 1001, 2) 72.88261567931016
(4777, 1051, 2) 72.61181884854825
(4827, 1101, 2) 73.06487420092803
(4877, 1151, 2) 72.49270922782628
(4927, 1201, 2) 72.98454774645244
(4977, 1251, 2) 72.06346142890749
(5027, 1301, 2) 73.10387578692624
(5077, 1351, 2) 72.69296354634508
(5127, 1401, 2) 72.165635572217
(5177, 1451, 2) 72.38991309514276
(5227, 1501, 2) 72.43375905561258
(5277, 1551, 2) 71.39900455727867
(5327, 1601, 2) 71.8031411894685
(5377, 1651, 2) 71.86722576225019
(5427, 1701, 2) 72.42678607589367
(5477, 1751, 2) 71.42766408493917
(5527, 1801, 2) 71.39368579740358
(5577, 1851, 2) 71.82265072833154
(5627, 1901, 2) 71.29789027577293
(5677, 1951, 2) 72.04961740721514
(5727, 2001, 2) 71.79824184367004
(5777, 2051, 2) 71.28540593116877
(5827, 2101, 2) 71.56554985840377
(5877, 2151, 2) 72.33064507982621
(5927, 2201, 2) 70.54076351934681
(5977, 2251, 2) 71.67902022564691
(6027, 2301, 2) 70.22137049046798
(6077, 2351, 2) 71.85533846964655
(6127, 2401, 2) 71.16913952238987
(6177, 2451, 2) 71.10007020625788
(6227, 2501, 2) 71.53600810255637
(6277, 2551, 2) 71.438439720555
(6327, 2601, 2) 69.74643959308175
(6377, 2651, 2) 70.21145213782043
(6427, 2701, 2) 70.42513978459584
(6477, 2751, 2) 70.17080150753333
(6527, 2801, 2) 71.07181314964647
(6577, 2851, 2) 69.44700271646144
(6627, 2901, 2) 69.97768456410462
(6677, 2951, 2) 69.71421613459984
(6727, 3001, 2) 69.9972694300251
(6777, 3051, 2) 70.86515817627975
(6827, 3101, 2) 70.20518641919374
(6877, 3151, 2) 69.03309301689046
(6927, 3201, 2) 69.09675231421303
(6977, 3251, 2) 68.6372015363626
(7027, 3301, 2) 69.8256921613997
(7077, 3351, 2) 70.25592930141282
(7127, 3401, 2) 69.78386617265147
(7177, 3451, 2) 68.98335589990845
(7227, 3501, 2) 68.96188847330946
(7277, 3551, 2) 69.12440429124423
(7327, 3601, 2) 69.95115202985318
(7377, 3651, 2) 68.51780590724036
(7427, 3701, 2) 69.15107446604796
(7453, 1, 3) 67.91269957636001
(7503, 51, 3) 68.45010353271971
(7553, 101, 3) 68.74701530312454
(7603, 151, 3) 69.86728116158254
(7653, 201, 3) 69.41781917542407
(7703, 251, 3) 68.50502622920331
(7753, 301, 3) 68.37776286059561
(7803, 351, 3) 70.2905544093426
(7853, 401, 3) 69.32150202842887
(7903, 451, 3) 68.53981134453615
(7953, 501, 3) 67.3123511225286
(8003, 551, 3) 67.78484723278486
(8053, 601, 3) 68.21666202852018
(8103, 651, 3) 68.61178856729579
(8153, 701, 3) 67.1656978384252
(8203, 751, 3) 67.14990961296067
(8253, 801, 3) 67.06810516234579
(8303, 851, 3) 68.57045998461457
(8353, 901, 3) 67.38301547013704
(8403, 951, 3) 67.65224263526991
(8453, 1001, 3) 67.43194606945681
(8503, 1051, 3) 67.86940559599533
(8553, 1101, 3) 67.34046749141244
(8603, 1151, 3) 66.58616619056832
(8653, 1201, 3) 69.92613138173458
(8703, 1251, 3) 66.65377715319572
(8753, 1301, 3) 67.31088697111215
(8803, 1351, 3) 67.64563949065023
(8853, 1401, 3) 67.60475822650817
(8903, 1451, 3) 67.29970979917658
(8953, 1501, 3) 68.43487159162856
(9003, 1551, 3) 65.88586219182645
(9053, 1601, 3) 65.90346248711889
(9103, 1651, 3) 67.49940819577527
(9153, 1701, 3) 67.44272247463321
(9203, 1751, 3) 67.823019426599
(9253, 1801, 3) 67.35340918952066
(9303, 1851, 3) 66.64921976237213
(9353, 1901, 3) 66.09741137156213
(9403, 1951, 3) 66.2232853735162
(9453, 2001, 3) 65.80777573723765
(9503, 2051, 3) 65.41493996730814
(9553, 2101, 3) 65.29357057180543
(9603, 2151, 3) 66.64193726897902
(9653, 2201, 3) 65.8893589361729
(9703, 2251, 3) 66.32164328105488
(9753, 2301, 3) 66.51801900446021
(9803, 2351, 3) 68.03412973538879
(9853, 2401, 3) 66.58246958552651
(9903, 2451, 3) 66.2529097803887
(9953, 2501, 3) 66.10578691509463
(10003, 2551, 3) 67.41931613841594
(10053, 2601, 3) 66.06316551394379
(10103, 2651, 3) 66.65056163035914
(10153, 2701, 3) 64.6595445274247
(10203, 2751, 3) 64.85766145912798
(10253, 2801, 3) 66.48053763173677
(10303, 2851, 3) 66.25578314741233
(10353, 2901, 3) 64.57386353528808
(10403, 2951, 3) 66.5832939782031
(10453, 3001, 3) 65.76040991376767
(10503, 3051, 3) 64.35731707327503
(10553, 3101, 3) 65.00268359798018
(10603, 3151, 3) 65.4031732834738
(10653, 3201, 3) 66.16571301715642
(10703, 3251, 3) 65.91872851019485
(10753, 3301, 3) 66.12218858198868
(10803, 3351, 3) 64.76309898301164
(10853, 3401, 3) 65.35988186619825
(10903, 3451, 3) 64.4258904814756
(10953, 3501, 3) 64.00668952070909
(11003, 3551, 3) 64.73202069351551
(11053, 3601, 3) 64.93705472018762
(11103, 3651, 3) 64.9966935702322
(11153, 3701, 3) 64.13389460426858
(11179, 1, 4) 64.40836330501742
(11229, 51, 4) 63.38140368065307
(11279, 101, 4) 66.46896217711243
(11329, 151, 4) 66.47717743291672
(11379, 201, 4) 64.37059217036663
(11429, 251, 4) 65.1593083989149
(11479, 301, 4) 64.72571659244596
(11529, 351, 4) 67.36204577768373
(11579, 401, 4) 63.61081040589044
(11629, 451, 4) 64.51482665968439
(11679, 501, 4) 65.29454082574982
(11729, 551, 4) 65.65797246670162
(11779, 601, 4) 63.38680648694116
(11829, 651, 4) 63.2444865376388
(11879, 701, 4) 64.89214627986411
(11929, 751, 4) 64.61261684929607
(11979, 801, 4) 65.0380123929139
(12029, 851, 4) 64.93959872332387
(12079, 901, 4) 63.83922590356974
(12129, 951, 4) 64.80695608977236
(12179, 1001, 4) 65.1072953594508
(12229, 1051, 4) 65.07570125719467
(12279, 1101, 4) 65.26483511614586
(12329, 1151, 4) 63.431347965811746
(12379, 1201, 4) 66.33562917953817
(12429, 1251, 4) 64.58552390369768
(12479, 1301, 4) 63.21589914882863
(12529, 1351, 4) 64.24980964456756
(12579, 1401, 4) 64.17275548515009
(12629, 1451, 4) 63.32392204099128
(12679, 1501, 4) 65.11685354599763
(12729, 1551, 4) 62.87807416005157
(12779, 1601, 4) 64.46878420092163
(12829, 1651, 4) 64.09775551524231
(12879, 1701, 4) 66.57396897915837
(12929, 1751, 4) 65.59902481402433
(12979, 1801, 4) 64.04288064078276
(13029, 1851, 4) 64.60115390775394
(13079, 1901, 4) 64.68589030196799
(13129, 1951, 4) 65.7175873732885
(13179, 2001, 4) 63.1227045311035
(13229, 2051, 4) 62.90721065905189
(13279, 2101, 4) 63.10533804267685
(13329, 2151, 4) 62.81808679855775
(13379, 2201, 4) 63.11137738268917
(13429, 2251, 4) 64.78125684361159
(13479, 2301, 4) 63.96086431759534
(13529, 2351, 4) 66.0351819726427
(13579, 2401, 4) 65.20554918023981
(13629, 2451, 4) 63.10622734256535
(13679, 2501, 4) 61.035063180097445
(13729, 2551, 4) 65.05899773585352
(13779, 2601, 4) 62.068475159262526
(13829, 2651, 4) 63.81522373493175
(13879, 2701, 4) 63.87376747576442
(13929, 2751, 4) 62.4320155238338
(13979, 2801, 4) 63.489395021800874
(14029, 2851, 4) 64.82844497533637
(14079, 2901, 4) 62.10173177181009
(14129, 2951, 4) 64.00378782420219
(14179, 3001, 4) 62.71652208386859
(14229, 3051, 4) 62.60866155810345
(14279, 3101, 4) 62.58750701108756
(14329, 3151, 4) 64.1008786614124
(14379, 3201, 4) 64.17443246668155
(14429, 3251, 4) 65.08612884549785
(14479, 3301, 4) 65.6589620503174
(14529, 3351, 4) 63.14193209298954
(14579, 3401, 4) 63.134366911450165
(14629, 3451, 4) 63.21906321828416
(14679, 3501, 4) 62.128968267102
(14729, 3551, 4) 63.32849175821649
(14779, 3601, 4) 63.32517313833146
(14829, 3651, 4) 60.46568070469878
(14879, 3701, 4) 62.126744983076044
