(1, 1, 1) 0.06472067150907601
(51, 51, 1) 0.3216014059959629
(101, 101, 1) 0.31805462867158785
(151, 151, 1) 0.8117516452604643
(201, 201, 1) 0.5768286696121748
(251, 251, 1) 1.554736623517459
(301, 301, 1) 1.7451110259953808
(351, 351, 1) 1.9337601517054523
(401, 401, 1) 2.142332006134321
(451, 451, 1) 2.338646646249158
(501, 501, 1) 2.7080398246380133
(551, 551, 1) 2.400925936847348
(601, 601, 1) 2.600506065899372
(651, 651, 1) 3.244245047792122
(701, 701, 1) 3.2754740952153583
(751, 751, 1) 3.161786514286207
(801, 801, 1) 3.209566588769714
(851, 851, 1) 3.2567423492885377
(901, 901, 1) 3.445037362145198
(951, 951, 1) 3.5277917186000125
(1001, 1001, 1) 3.5993821648057707
(1051, 1051, 1) 3.4612726572212824
(1101, 1101, 1) 3.3775134807143807
(1151, 1151, 1) 3.7494143060052902
(1201, 1201, 1) 3.5067604543661806
(1251, 1251, 1) 3.354861018310095
(1301, 1301, 1) 3.3020969723809324
(1351, 1351, 1) 3.5865078636924523
(1401, 1401, 1) 3.096227436062603
(1451, 1451, 1) 3.787165957986003
(1501, 1501, 1) 3.729941502002748
(1551, 1551, 1) 3.27010167958914
(1601, 1601, 1) 3.39468782599542
(1651, 1651, 1) 3.7389003423969904
(1701, 1701, 1) 3.7052258645747767
(1751, 1751, 1) 3.4587995921669106
(1801, 1801, 1) 3.677205637907611
(1851, 1851, 1) 3.795696695786424
(1901, 1901, 1) 3.950289191926558
(1951, 1951, 1) 3.72574892511773
(2001, 2001, 1) 3.4997041157041124
(2051, 2051, 1) 3.6956764993084845
(2101, 2101, 1) 3.474543655706804
(2151, 2151, 1) 3.5091439940682383
(2201, 2201, 1) 3.64062496380816
(2251, 2251, 1) 3.472333999392098
(2301, 2301, 1) 3.834728850254106
(2351, 2351, 1) 3.865723421404178
(2401, 2401, 1) 3.752555716100524
(2451, 2451, 1) 3.7333258983407944
(2501, 2501, 1) 3.724875508980981
(2551, 2551, 1) 3.8951426538165252
(2601, 2601, 1) 3.4946419596263274
(2651, 2651, 1) 4.01075429608617
(2701, 2701, 1) 3.5932069909679716
(2751, 2751, 1) 3.6961283279562664
(2801, 2801, 1) 3.9212237944319037
(2851, 2851, 1) 3.9486166554062794
(2901, 2901, 1) 4.111105110258077
(2951, 2951, 1) 3.5854388530071293
(3001, 3001, 1) 3.863344037582652
(3051, 3051, 1) 3.8847316864606274
(3101, 3101, 1) 3.8763351958714574
(3151, 3151, 1) 3.998172865316521
(3201, 3201, 1) 3.804925030899925
(3251, 3251, 1) 3.861094652326378
(3301, 3301, 1) 3.940318297957658
(3351, 3351, 1) 4.061677601813676
(3401, 3401, 1) 3.88858940433036
(3451, 3451, 1) 3.698903278104146
(3501, 3501, 1) 3.7666186228579757
(3551, 3551, 1) 4.026633662550755
(3601, 3601, 1) 4.348902597157753
(3651, 3651, 1) 4.080327636957841
(3701, 3701, 1) 3.995033983058973
(3727, 1, 2) 3.633683891846409
(3777, 51, 2) 3.9196283963090743
(3827, 101, 2) 3.89244039529531
(3877, 151, 2) 4.2696841776643675
(3927, 201, 2) 3.870808107203004
(3977, 251, 2) 4.087722922253515
(4027, 301, 2) 3.9117745181274484
(4077, 351, 2) 3.9743571776005875
(4127, 401, 2) 3.970137540948078
(4177, 451, 2) 4.100089400896642
(4227, 501, 2) 3.968178487177587
(4277, 551, 2) 3.8651600097294687
(4327, 601, 2) 3.898779581890736
(4377, 651, 2) 3.6645864258069483
(4427, 701, 2) 4.173564196252779
(4477, 751, 2) 3.8581984302369103
(4527, 801, 2) 3.915440170536746
(4577, 851, 2) 3.8511628599831838
(4627, 901, 2) 3.7094815406842008
(4677, 951, 2) 4.077495591630294
(4727, 1001, 2) 4.467313694382335
(4777, 1051, 2) 4.1437683080748675
(4827, 1101, 2) 3.9487996717172504
(4877, 1151, 2) 4.042371121938408
(4927, 1201, 2) 4.254217279090776
(4977, 1251, 2) 3.8945323457438468
(5027, 1301, 2) 3.989232504841358
(5077, 1351, 2) 4.2005457343899435
(5127, 1401, 2) 4.224100140089959
(5177, 1451, 2) 3.9274870233098587
(5227, 1501, 2) 4.083782477357547
(5277, 1551, 2) 3.8012110233328595
(5327, 1601, 2) 4.189289427331806
(5377, 1651, 2) 3.8256388212671015
(5427, 1701, 2) 3.991833186607764
(5477, 1751, 2) 4.045835904486541
(5527, 1801, 2) 3.9282062887596108
(5577, 1851, 2) 4.111452793616719
(5627, 1901, 2) 4.509260146818027
(5677, 1951, 2) 4.45620476679088
(5727, 2001, 2) 4.3410989116690395
(5777, 2051, 2) 3.958866266205749
(5827, 2101, 2) 4.132241583627281
(5877, 2151, 2) 4.273871375906448
(5927, 2201, 2) 4.082976131771892
(5977, 2251, 2) 4.336359943852879
(6027, 2301, 2) 4.316777272207469
(6077, 2351, 2) 4.457339311654092
(6127, 2401, 2) 4.162722134601969
(6177, 2451, 2) 4.581069473467594
(6227, 2501, 2) 4.704294446052894
(6277, 2551, 2) 4.691822028096244
(6327, 2601, 2) 4.06183540884477
(6377, 2651, 2) 4.658590179565651
(6427, 2701, 2) 4.659417145702795
(6477, 2751, 2) 4.546576342734488
(6527, 2801, 2) 4.572371787564459
(6577, 2851, 2) 4.187056577950295
(6627, 2901, 2) 4.371357088601081
(6677, 2951, 2) 4.474809905015423
(6727, 3001, 2) 4.468718895864141
(6777, 3051, 2) 4.292094929999003
(6827, 3101, 2) 4.3515925026528475
(6877, 3151, 2) 4.109424338912173
(6927, 3201, 2) 4.170668225603801
(6977, 3251, 2) 4.386305090084418
(7027, 3301, 2) 4.432942931558359
(7077, 3351, 2) 4.212317643321206
(7127, 3401, 2) 4.519086901331789
(7177, 3451, 2) 4.682578792851731
(7227, 3501, 2) 4.400494983597982
(7277, 3551, 2) 4.542989578149738
(7327, 3601, 2) 4.815755460439604
(7377, 3651, 2) 4.794538211273114
(7427, 3701, 2) 4.9648038817067714
(7453, 1, 3) 4.639288390352386
(7503, 51, 3) 4.862754270979182
(7553, 101, 3) 4.7759702925099266
(7603, 151, 3) 5.000230794103815
(7653, 201, 3) 5.002777585140364
(7703, 251, 3) 4.45569517458713
(7753, 301, 3) 4.392283246100389
(7803, 351, 3) 4.661286080181794
(7853, 401, 3) 4.858186068090348
(7903, 451, 3) 4.596334097810552
(7953, 501, 3) 4.553759384751485
(8003, 551, 3) 4.778796515956436
(8053, 601, 3) 4.569099429370045
(8103, 651, 3) 4.843540037986864
(8153, 701, 3) 4.620731206896441
(8203, 751, 3) 4.57378186184534
(8253, 801, 3) 4.90330140669597
(8303, 851, 3) 5.025396400175968
(8353, 901, 3) 4.875750971087153
(8403, 951, 3) 5.15867200956769
(8453, 1001, 3) 5.056951589859134
(8503, 1051, 3) 5.262604043340107
(8553, 1101, 3) 4.873128010558582
(8603, 1151, 3) 4.7054831179043335
(8653, 1201, 3) 5.1529627995893055
(8703, 1251, 3) 4.70710687226591
(8753, 1301, 3) 4.997313718028073
(8803, 1351, 3) 5.452497237538112
(8853, 1401, 3) 5.22037751938936
(8903, 1451, 3) 5.191696612150903
(8953, 1501, 3) 5.352855725492256
(9003, 1551, 3) 5.148158441968048
(9053, 1601, 3) 5.061475851818564
(9103, 1651, 3) 5.404910888987759
(9153, 1701, 3) 5.214193230909527
(9203, 1751, 3) 4.982164859807434
(9253, 1801, 3) 4.986282185309605
(9303, 1851, 3) 5.14393924279587
(9353, 1901, 3) 5.182010607483814
(9403, 1951, 3) 5.24168929133574
(9453, 2001, 3) 4.8605987579916725
(9503, 2051, 3) 4.895788784061539
(9553, 2101, 3) 4.881789173926274
(9603, 2151, 3) 5.312133704072897
(9653, 2201, 3) 5.208726745097205
(9703, 2251, 3) 5.11669039590695
(9753, 2301, 3) 5.3342518592124994
(9803, 2351, 3) 5.020094992602702
(9853, 2401, 3) 5.166475559789514
(9903, 2451, 3) 5.132835258066776
(9953, 2501, 3) 5.125801716836062
(10003, 2551, 3) 5.209264425525385
(10053, 2601, 3) 5.142807076627182
(10103, 2651, 3) 5.3391504756531605
(10153, 2701, 3) 5.2090505426438565
(10203, 2751, 3) 5.047824646597544
(10253, 2801, 3) 5.144197039490096
(10303, 2851, 3) 5.2982847732865705
(10353, 2901, 3) 4.863882745621133
(10403, 2951, 3) 5.033704226202343
(10453, 3001, 3) 5.0215830617212704
(10503, 3051, 3) 5.140416384169334
(10553, 3101, 3) 4.768284060067093
(10603, 3151, 3) 4.7603173761234086
(10653, 3201, 3) 5.2764755897253846
(10703, 3251, 3) 5.273992575407617
(10753, 3301, 3) 5.1245172189849635
(10803, 3351, 3) 5.187160325412806
(10853, 3401, 3) 5.188194735149134
(10903, 3451, 3) 5.234195323583614
(10953, 3501, 3) 5.174872352735283
(11003, 3551, 3) 5.177834949173204
(11053, 3601, 3) 5.281582081158232
(11103, 3651, 3) 5.551605517878821
(11153, 3701, 3) 4.892952485528688
(11179, 1, 4) 4.999475794953665
(11229, 51, 4) 4.933597636483686
(11279, 101, 4) 5.315351586400843
(11329, 151, 4) 5.173868610346765
(11379, 201, 4) 5.193852080507842
(11429, 251, 4) 5.024015646989115
(11479, 301, 4) 5.159590118550087
(11529, 351, 4) 5.404499908286434
(11579, 401, 4) 4.933861917126197
(11629, 451, 4) 4.991358514664471
(11679, 501, 4) 5.270787645629391
(11729, 551, 4) 5.456770621705606
(11779, 601, 4) 5.387102178215524
(11829, 651, 4) 5.227699221760757
(11879, 701, 4) 5.30342323775316
(11929, 751, 4) 5.201037590087638
(11979, 801, 4) 5.315321378696099
(12029, 851, 4) 5.628737997734561
(12079, 901, 4) 5.044993924705003
(12129, 951, 4) 5.34069147663376
(12179, 1001, 4) 5.475257139462125
(12229, 1051, 4) 5.358998800293103
(12279, 1101, 4) 5.58275977821945
(12329, 1151, 4) 5.363904590897904
(12379, 1201, 4) 5.426996887112918
(12429, 1251, 4) 5.003740473195794
(12479, 1301, 4) 5.295507105835223
(12529, 1351, 4) 5.483761664453752
(12579, 1401, 4) 5.667279099642559
(12629, 1451, 4) 5.34465372047025
(12679, 1501, 4) 5.441423914890694
(12729, 1551, 4) 5.252343642784748
(12779, 1601, 4) 5.418633895510401
(12829, 1651, 4) 5.873235033215649
(12879, 1701, 4) 5.687544471924104
(12929, 1751, 4) 5.894408973729296
(12979, 1801, 4) 5.811744492557519
(13029, 1851, 4) 5.70619386205246
(13079, 1901, 4) 5.755032977377867
(13129, 1951, 4) 5.891838927358576
(13179, 2001, 4) 5.796643005760956
(13229, 2051, 4) 5.461959779474355
(13279, 2101, 4) 5.630706654521926
(13329, 2151, 4) 5.340982901435961
(13379, 2201, 4) 5.409139240111316
(13429, 2251, 4) 5.434938658836442
(13479, 2301, 4) 5.6173255356719025
(13529, 2351, 4) 5.446933228464015
(13579, 2401, 4) 5.581207752791642
(13629, 2451, 4) 5.81022141994416
(13679, 2501, 4) 5.8245936355819845
(13729, 2551, 4) 5.684144513929125
(13779, 2601, 4) 5.414909787794373
(13829, 2651, 4) 5.789964929382778
(13879, 2701, 4) 5.920157204430814
(13929, 2751, 4) 5.321186978756467
(13979, 2801, 4) 5.624643833027983
(14029, 2851, 4) 5.844567903527227
(14079, 2901, 4) 5.469083210684373
(14129, 2951, 4) 5.681516124616767
(14179, 3001, 4) 5.622054392642441
(14229, 3051, 4) 5.531825629275822
(14279, 3101, 4) 5.505905408463975
(14329, 3151, 4) 5.949882511569713
(14379, 3201, 4) 5.5223366190845145
(14429, 3251, 4) 5.939282027261895
(14479, 3301, 4) 5.7836568705163796
(14529, 3351, 4) 5.873144757403616
(14579, 3401, 4) 5.616749426876964
(14629, 3451, 4) 5.789636883306548
(14679, 3501, 4) 5.347169395371519
(14729, 3551, 4) 5.544746088486006
(14779, 3601, 4) 5.317841411738967
(14829, 3651, 4) 5.603084283331505
(14879, 3701, 4) 5.338024816311766
