(1, 1, 1) 75.10575925987182
(51, 51, 1) 75.91617448556767
(101, 101, 1) 75.89204960391834
(151, 151, 1) 74.86925874737366
(201, 201, 1) 74.6076496903384
(251, 251, 1) 74.33312932159417
(301, 301, 1) 74.36358329582897
(351, 351, 1) 74.88845696555451
(401, 401, 1) 74.65319664631157
(451, 451, 1) 74.91072917928228
(501, 501, 1) 74.87064829866074
(551, 551, 1) 75.16454192208819
(601, 601, 1) 75.15032680919089
(651, 651, 1) 75.65605586241853
(701, 701, 1) 75.23912423961855
(751, 751, 1) 75.56620475373593
(801, 801, 1) 75.48057546372303
(851, 851, 1) 75.42337390266103
(901, 901, 1) 75.25711174066613
(951, 951, 1) 75.49115656986636
(1001, 1001, 1) 75.63504017533938
(1051, 1051, 1) 75.23894274770299
(1101, 1101, 1) 75.54077060706638
(1151, 1151, 1) 75.44562300967182
(1201, 1201, 1) 75.24138759497481
(1251, 1251, 1) 75.36834562470959
(1301, 1301, 1) 75.3121843430585
(1351, 1351, 1) 75.43508717251106
(1401, 1401, 1) 75.39771567987124
(1451, 1451, 1) 75.39496275016695
(1501, 1501, 1) 75.71046143884931
(1551, 1551, 1) 75.27021323775975
(1601, 1601, 1) 75.30792309590791
(1651, 1651, 1) 75.4023295620318
(1701, 1701, 1) 75.50212422205149
(1751, 1751, 1) 75.23990521373034
(1801, 1801, 1) 75.08745600683991
(1851, 1851, 1) 75.16047695492496
(1901, 1901, 1) 75.26095280507286
(1951, 1951, 1) 75.2332658474927
(2001, 2001, 1) 75.12261179389603
(2051, 2051, 1) 74.96694666700769
(2101, 2101, 1) 74.99922254480222
(2151, 2151, 1) 75.0926658438078
(2201, 2201, 1) 74.89311765940468
(2251, 2251, 1) 74.91093503407566
(2301, 2301, 1) 74.90551658495221
(2351, 2351, 1) 75.18780986690064
(2401, 2401, 1) 75.08428300446016
(2451, 2451, 1) 74.80323599750763
(2501, 2501, 1) 74.97602704044084
(2551, 2551, 1) 74.75940678011973
(2601, 2601, 1) 74.55410974728242
(2651, 2651, 1) 74.6529150369574
(2701, 2701, 1) 74.16487421321283
(2751, 2751, 1) 74.5695684067338
(2801, 2801, 1) 74.77812054316611
(2851, 2851, 1) 74.00505814467525
(2901, 2901, 1) 74.3435598214356
(2951, 2951, 1) 74.31950735271464
(3001, 3001, 1) 74.14094308918317
(3051, 3051, 1) 74.25041604773348
(3101, 3101, 1) 73.80314874845193
(3151, 3151, 1) 73.97706781925406
(3201, 3201, 1) 73.69620436820531
(3251, 3251, 1) 74.26708566389877
(3301, 3301, 1) 74.26511678572862
(3351, 3351, 1) 74.15735596740328
(3401, 3401, 1) 73.89307708789514
(3451, 3451, 1) 73.62461574906092
(3501, 3501, 1) 73.74746760774957
(3551, 3551, 1) 73.5846978155692
(3601, 3601, 1) 73.75537840763485
(3651, 3651, 1) 73.4058951896108
(3701, 3701, 1) 73.63722979950109
(3727, 1, 2) 73.21878434602876
(3777, 51, 2) 72.9747637279944
(3827, 101, 2) 73.0641357861206
(3877, 151, 2) 74.11966711341623
(3927, 201, 2) 73.33856606117213
(3977, 251, 2) 73.57307729725645
(4027, 301, 2) 72.97357504743744
(4077, 351, 2) 74.04327333692484
(4127, 401, 2) 73.26798983033376
(4177, 451, 2) 73.68364863156643
(4227, 501, 2) 73.06924381861346
(4277, 551, 2) 73.03978178448915
(4327, 601, 2) 73.15978145043933
(4377, 651, 2) 73.54239635539645
(4427, 701, 2) 72.91175503449651
(4477, 751, 2) 72.92990006177546
(4527, 801, 2) 72.88764012768952
(4577, 851, 2) 72.67985874907406
(4627, 901, 2) 72.90889028774103
(4677, 951, 2) 72.49418679927398
(4727, 1001, 2) 72.88003472015022
(4777, 1051, 2) 72.60919119408742
(4827, 1101, 2) 73.0627291560917
(4877, 1151, 2) 72.48930982464287
(4927, 1201, 2) 72.98275068538152
(4977, 1251, 2) 72.05411214760665
(5027, 1301, 2) 73.1016695098436
(5077, 1351, 2) 72.69158697514683
(5127, 1401, 2) 72.1586395058499
(5177, 1451, 2) 72.38823057231644
(5227, 1501, 2) 72.43240685228605
(5277, 1551, 2) 71.38784629676596
(5327, 1601, 2) 71.79684288601376
(5377, 1651, 2) 71.86030877532174
(5427, 1701, 2) 72.42555827764116
(5477, 1751, 2) 71.42171562602695
(5527, 1801, 2) 71.38885566769937
(5577, 1851, 2) 71.8194125241994
(5627, 1901, 2) 71.28800347083421
(5677, 1951, 2) 72.04650876095337
(5727, 2001, 2) 71.79427996539222
(5777, 2051, 2) 71.27960285496347
(5827, 2101, 2) 71.56138458623666
(5877, 2151, 2) 72.3297243211338
(5927, 2201, 2) 70.52943715510894
(5977, 2251, 2) 71.67872590544384
(6027, 2301, 2) 70.20660726310223
(6077, 2351, 2) 71.85455628966305
(6127, 2401, 2) 71.16641953343492
(6177, 2451, 2) 71.09447971732045
(6227, 2501, 2) 71.53468605967682
(6277, 2551, 2) 71.4372605357782
(6327, 2601, 2) 69.73268688434435
(6377, 2651, 2) 70.1973546231166
(6427, 2701, 2) 70.4196776889517
(6477, 2751, 2) 70.16575909496045
(6527, 2801, 2) 71.06999333185487
(6577, 2851, 2) 69.42956391775837
(6627, 2901, 2) 69.96885758875142
(6677, 2951, 2) 69.70042229036211
(6727, 3001, 2) 69.98496793379246
(6777, 3051, 2) 70.86278640846307
(6827, 3101, 2) 70.19487272088226
(6877, 3151, 2) 69.0050718806992
(6927, 3201, 2) 69.07413281678171
(6977, 3251, 2) 68.6229114977346
(7027, 3301, 2) 69.81231441878913
(7077, 3351, 2) 70.25277010780246
(7127, 3401, 2) 69.77742620997671
(7177, 3451, 2) 68.97183574476281
(7227, 3501, 2) 68.95449820265999
(7277, 3551, 2) 69.10630203506017
(7327, 3601, 2) 69.94604247411532
(7377, 3651, 2) 68.50541766348624
(7427, 3701, 2) 69.13921453664584
(7453, 1, 3) 67.89147241669944
(7503, 51, 3) 68.4336632775194
(7553, 101, 3) 68.72894007834847
(7603, 151, 3) 69.86678352633109
(7653, 201, 3) 69.41255282901679
(7703, 251, 3) 68.48862020377419
(7753, 301, 3) 68.36380909395922
(7803, 351, 3) 70.28897246333368
(7853, 401, 3) 69.31537423579435
(7903, 451, 3) 68.53206212710367
(7953, 501, 3) 67.2949051553245
(8003, 551, 3) 67.77666204241324
(8053, 601, 3) 68.2014993544396
(8103, 651, 3) 68.61021958883254
(8153, 701, 3) 67.14576218851853
(8203, 751, 3) 67.12815271417222
(8253, 801, 3) 67.05077201634147
(8303, 851, 3) 68.56387094351265
(8353, 901, 3) 67.36590573413454
(8403, 951, 3) 67.6401438810711
(8453, 1001, 3) 67.4104802389015
(8503, 1051, 3) 67.85371730704613
(8553, 1101, 3) 67.32511926673492
(8603, 1151, 3) 66.55291606407434
(8653, 1201, 3) 69.92504240850947
(8703, 1251, 3) 66.63641226410869
(8753, 1301, 3) 67.30010480283907
(8803, 1351, 3) 67.63295305563172
(8853, 1401, 3) 67.59235459706862
(8903, 1451, 3) 67.29348284093876
(8953, 1501, 3) 68.43014572919446
(9003, 1551, 3) 65.8601040383967
(9053, 1601, 3) 65.88363860493726
(9103, 1651, 3) 67.48796369918395
(9153, 1701, 3) 67.43404516083402
(9203, 1751, 3) 67.81370114978074
(9253, 1801, 3) 67.34243534658756
(9303, 1851, 3) 66.63984494914467
(9353, 1901, 3) 66.08046274307422
(9403, 1951, 3) 66.20262543864402
(9453, 2001, 3) 65.7895457846156
(9503, 2051, 3) 65.38331751558535
(9553, 2101, 3) 65.26348830946685
(9603, 2151, 3) 66.62481532248674
(9653, 2201, 3) 65.8767641243
(9703, 2251, 3) 66.30928231779569
(9753, 2301, 3) 66.50670805654913
(9803, 2351, 3) 68.0292661284091
(9853, 2401, 3) 66.5732488563878
(9903, 2451, 3) 66.23895344057101
(9953, 2501, 3) 66.08375050399317
(10003, 2551, 3) 67.40777875716087
(10053, 2601, 3) 66.04073244278612
(10103, 2651, 3) 66.63512667127516
(10153, 2701, 3) 64.63410319434738
(10203, 2751, 3) 64.82989411238049
(10253, 2801, 3) 66.46703988701304
(10303, 2851, 3) 66.2412379761146
(10353, 2901, 3) 64.54485130325945
(10403, 2951, 3) 66.5667830701288
(10453, 3001, 3) 65.74041094070667
(10503, 3051, 3) 64.33026744922171
(10553, 3101, 3) 64.97373435636771
(10603, 3151, 3) 65.38697440492413
(10653, 3201, 3) 66.1548593404845
(10703, 3251, 3) 65.90472482989281
(10753, 3301, 3) 66.10848193729788
(10803, 3351, 3) 64.74218974897201
(10853, 3401, 3) 65.34007836847508
(10903, 3451, 3) 64.40076336048705
(10953, 3501, 3) 63.973041988492554
(11003, 3551, 3) 64.70492531419532
(11053, 3601, 3) 64.9157595271272
(11103, 3651, 3) 64.97331029657867
(11153, 3701, 3) 64.09858493009976
(11179, 1, 4) 64.38291895561265
(11229, 51, 4) 63.33547777349122
(11279, 101, 4) 66.4591759879182
(11329, 151, 4) 66.46801877763015
(11379, 201, 4) 64.35256526703392
(11429, 251, 4) 65.13240168479916
(11479, 301, 4) 64.70906385286006
(11529, 351, 4) 67.35840434489808
(11579, 401, 4) 63.59426821176734
(11629, 451, 4) 64.49373140353376
(11679, 501, 4) 65.27884906998013
(11729, 551, 4) 65.64701979590998
(11779, 601, 4) 63.35336125395688
(11829, 651, 4) 63.21951998271334
(11879, 701, 4) 64.87118772159455
(11929, 751, 4) 64.5928682327056
(11979, 801, 4) 65.01360159062477
(12029, 851, 4) 64.91704671431292
(12079, 901, 4) 63.8102333173179
(12129, 951, 4) 64.78661182243374
(12179, 1001, 4) 65.08480948612846
(12229, 1051, 4) 65.05030258172853
(12279, 1101, 4) 65.25090693476206
(12329, 1151, 4) 63.40276125624735
(12379, 1201, 4) 66.33004382303763
(12429, 1251, 4) 64.56911423564523
(12479, 1301, 4) 63.18340314009484
(12529, 1351, 4) 64.23312988414308
(12579, 1401, 4) 64.14593375353773
(12629, 1451, 4) 63.30350988592368
(12679, 1501, 4) 65.10425708789549
(12729, 1551, 4) 62.84932262838745
(12779, 1601, 4) 64.45389737642338
(12829, 1651, 4) 64.07519599119772
(12879, 1701, 4) 66.56858960674535
(12929, 1751, 4) 65.58765807522889
(12979, 1801, 4) 64.02068258746432
(13029, 1851, 4) 64.57384131197834
(13079, 1901, 4) 64.66258989004952
(13129, 1951, 4) 65.70752672989316
(13179, 2001, 4) 63.101639240199944
(13229, 2051, 4) 62.88219681930476
(13279, 2101, 4) 63.078348003672026
(13329, 2151, 4) 62.78595425296374
(13379, 2201, 4) 63.09315230169275
(13429, 2251, 4) 64.76678015670058
(13479, 2301, 4) 63.943920589067005
(13529, 2351, 4) 66.02850874131582
(13579, 2401, 4) 65.19587202381284
(13629, 2451, 4) 63.0708543977439
(13679, 2501, 4) 60.99385526134292
(13729, 2551, 4) 65.04472853321701
(13779, 2601, 4) 62.034286795536765
(13829, 2651, 4) 63.797141968924855
(13879, 2701, 4) 63.85421706114087
(13929, 2751, 4) 62.39520272016722
(13979, 2801, 4) 63.47105592728482
(14029, 2851, 4) 64.8116354556439
(14079, 2901, 4) 62.06972888970726
(14129, 2951, 4) 63.98653613604499
(14179, 3001, 4) 62.687470594925735
(14229, 3051, 4) 62.575277859227754
(14279, 3101, 4) 62.55989391181811
(14329, 3151, 4) 64.08361347254491
(14379, 3201, 4) 64.16097530651095
(14429, 3251, 4) 65.08002534306023
(14479, 3301, 4) 65.65083651586521
(14529, 3351, 4) 63.121877783179734
(14579, 3401, 4) 63.11214071507987
(14629, 3451, 4) 63.200320434147784
(14679, 3501, 4) 62.1055533685458
(14729, 3551, 4) 63.300588275924
(14779, 3601, 4) 63.301768643520674
(14829, 3651, 4) 60.42363095061193
(14879, 3701, 4) 62.10407611272255
