(1, 1, 1) 14.609840053350018
(51, 51, 1) 36.4608776380147
(101, 101, 1) 36.95970209824868
(151, 151, 1) 14.362675508960868
(201, 201, 1) 10.650501708986807
(251, 251, 1) 14.838456742638659
(301, 301, 1) 14.542128583512683
(351, 351, 1) 22.481642392969004
(401, 401, 1) 19.249152542537235
(451, 451, 1) 23.72803944154242
(501, 501, 1) 21.99093175707011
(551, 551, 1) 29.601796364177353
(601, 601, 1) 27.44284060551687
(651, 651, 1) 35.1930981103926
(701, 701, 1) 29.429201328235443
(751, 751, 1) 33.65089302842808
(801, 801, 1) 32.121027253583925
(851, 851, 1) 32.082108977413434
(901, 901, 1) 30.503502187566557
(951, 951, 1) 33.122658078056666
(1001, 1001, 1) 35.84320489337894
(1051, 1051, 1) 30.370416103383086
(1101, 1101, 1) 30.890923225373605
(1151, 1151, 1) 30.940674055712293
(1201, 1201, 1) 29.962763060855437
(1251, 1251, 1) 32.72636252921563
(1301, 1301, 1) 32.56452078277619
(1351, 1351, 1) 33.613306329532975
(1401, 1401, 1) 32.88627651653172
(1451, 1451, 1) 34.99291470361624
(1501, 1501, 1) 36.76400510502366
(1551, 1551, 1) 34.21071551139392
(1601, 1601, 1) 33.792282068933204
(1651, 1651, 1) 32.50462644010661
(1701, 1701, 1) 35.63201383211695
(1751, 1751, 1) 33.34735547593373
(1801, 1801, 1) 33.64288021461462
(1851, 1851, 1) 33.94734412612775
(1901, 1901, 1) 36.12110214884131
(1951, 1951, 1) 36.8035643504301
(2001, 2001, 1) 35.4712532904333
(2051, 2051, 1) 31.61312895122378
(2101, 2101, 1) 35.961958506569616
(2151, 2151, 1) 37.16519746241816
(2201, 2201, 1) 35.556052989687615
(2251, 2251, 1) 36.28994870540609
(2301, 2301, 1) 36.8969751846841
(2351, 2351, 1) 38.07798334872713
(2401, 2401, 1) 37.66152101815587
(2451, 2451, 1) 36.58413378702716
(2501, 2501, 1) 38.13494874564511
(2551, 2551, 1) 36.407605826594974
(2601, 2601, 1) 35.851947296783635
(2651, 2651, 1) 36.40997052694344
(2701, 2701, 1) 34.632741953668564
(2751, 2751, 1) 37.68202024090621
(2801, 2801, 1) 39.100115087124486
(2851, 2851, 1) 36.76803665617487
(2901, 2901, 1) 38.78075402267705
(2951, 2951, 1) 37.62572839553473
(3001, 3001, 1) 38.74948064702675
(3051, 3051, 1) 38.86518938550544
(3101, 3101, 1) 38.064237858155046
(3151, 3151, 1) 37.46999833117853
(3201, 3201, 1) 38.68230689605457
(3251, 3251, 1) 40.158069342350736
(3301, 3301, 1) 39.56100495942793
(3351, 3351, 1) 40.363807944751265
(3401, 3401, 1) 40.32240727327487
(3451, 3451, 1) 39.0175953769613
(3501, 3501, 1) 40.17592833205491
(3551, 3551, 1) 40.40937418181062
(3601, 3601, 1) 40.16382334016541
(3651, 3651, 1) 39.457920742697326
(3701, 3701, 1) 39.58655070986158
(3727, 1, 2) 38.83457114461375
(3777, 51, 2) 38.27886924027693
(3827, 101, 2) 40.5615185358164
(3877, 151, 2) 41.11788072875483
(3927, 201, 2) 39.813389251657455
(3977, 251, 2) 40.64900268152358
(4027, 301, 2) 38.871036987291745
(4077, 351, 2) 40.52647047851467
(4127, 401, 2) 40.5368229424133
(4177, 451, 2) 40.98672784079002
(4227, 501, 2) 39.74200787568571
(4277, 551, 2) 39.617451722236694
(4327, 601, 2) 40.54177134041308
(4377, 651, 2) 41.691205303903
(4427, 701, 2) 41.05385692932608
(4477, 751, 2) 40.96146596784545
(4527, 801, 2) 39.751999758510046
(4577, 851, 2) 40.559853971725545
(4627, 901, 2) 38.717079182055805
(4677, 951, 2) 41.56816475230667
(4727, 1001, 2) 41.65792260821103
(4777, 1051, 2) 41.125655760341594
(4827, 1101, 2) 41.86109391574716
(4877, 1151, 2) 41.91722039105381
(4927, 1201, 2) 43.25899881098286
(4977, 1251, 2) 42.02932604144798
(5027, 1301, 2) 43.06200028656414
(5077, 1351, 2) 42.394828544035484
(5127, 1401, 2) 41.247821656886444
(5177, 1451, 2) 43.58064634669758
(5227, 1501, 2) 43.422117504303905
(5277, 1551, 2) 42.26732895071132
(5327, 1601, 2) 44.241565600791205
(5377, 1651, 2) 43.07218046595677
(5427, 1701, 2) 44.543383980737374
(5477, 1751, 2) 42.99159221395125
(5527, 1801, 2) 43.00583373340764
(5577, 1851, 2) 43.82550923175835
(5627, 1901, 2) 43.625254672720324
(5677, 1951, 2) 43.76542718399354
(5727, 2001, 2) 44.705258153724536
(5777, 2051, 2) 43.72647950375544
(5827, 2101, 2) 43.21145022028118
(5877, 2151, 2) 44.98908496723089
(5927, 2201, 2) 44.52500237113194
(5977, 2251, 2) 45.16141400590014
(6027, 2301, 2) 43.871983492402215
(6077, 2351, 2) 45.16042465539811
(6127, 2401, 2) 45.62576168160486
(6177, 2451, 2) 45.226194088479374
(6227, 2501, 2) 45.1281363694715
(6277, 2551, 2) 45.03118180738222
(6327, 2601, 2) 43.41826649996288
(6377, 2651, 2) 44.0597368600007
(6427, 2701, 2) 44.76033369034897
(6477, 2751, 2) 45.15808729564637
(6527, 2801, 2) 45.967016122973284
(6577, 2851, 2) 46.40038606298191
(6627, 2901, 2) 47.01497993541674
(6677, 2951, 2) 45.4061444388869
(6727, 3001, 2) 45.68711497742861
(6777, 3051, 2) 47.01438794357819
(6827, 3101, 2) 46.65972650483485
(6877, 3151, 2) 45.17078951267013
(6927, 3201, 2) 45.867377622151125
(6977, 3251, 2) 47.83358703329787
(7027, 3301, 2) 46.760403570877095
(7077, 3351, 2) 48.38318567181254
(7127, 3401, 2) 47.10106181828858
(7177, 3451, 2) 48.12106610526754
(7227, 3501, 2) 47.37123829400815
(7277, 3551, 2) 47.671708742980684
(7327, 3601, 2) 47.58157444386744
(7377, 3651, 2) 47.57041046426953
(7427, 3701, 2) 47.152775277767844
(7453, 1, 3) 48.20817873504313
(7503, 51, 3) 48.15071930248145
(7553, 101, 3) 47.933283614068834
(7603, 151, 3) 47.90837249673822
(7653, 201, 3) 49.49564586687515
(7703, 251, 3) 46.703395134315564
(7753, 301, 3) 47.547920013519395
(7803, 351, 3) 48.03370370531454
(7853, 401, 3) 48.09985448155999
(7903, 451, 3) 48.56532813766743
(7953, 501, 3) 47.67702645491554
(8003, 551, 3) 48.57753001297308
(8053, 601, 3) 47.527566209926654
(8103, 651, 3) 48.67602226140456
(8153, 701, 3) 46.93254815354903
(8203, 751, 3) 48.71799094353827
(8253, 801, 3) 48.77781653786637
(8303, 851, 3) 48.98538701147613
(8353, 901, 3) 47.65492947060229
(8403, 951, 3) 48.584251281865996
(8453, 1001, 3) 48.44473245033037
(8503, 1051, 3) 49.464225934670495
(8553, 1101, 3) 48.59541801006244
(8603, 1151, 3) 49.50524390140605
(8653, 1201, 3) 49.54685473299551
(8703, 1251, 3) 49.504777767851216
(8753, 1301, 3) 48.371429530071175
(8803, 1351, 3) 49.62235885513795
(8853, 1401, 3) 49.14012866363445
(8903, 1451, 3) 49.75865669957387
(8953, 1501, 3) 50.11723238401431
(9003, 1551, 3) 50.95845347391451
(9053, 1601, 3) 50.09485660578478
(9103, 1651, 3) 50.299299618707764
(9153, 1701, 3) 50.847409820779134
(9203, 1751, 3) 50.3726830630849
(9253, 1801, 3) 50.18030496090946
(9303, 1851, 3) 50.733510922481905
(9353, 1901, 3) 50.182832733078044
(9403, 1951, 3) 49.86818578301303
(9453, 2001, 3) 50.702741205848014
(9503, 2051, 3) 50.27973672360516
(9553, 2101, 3) 49.97122633429733
(9603, 2151, 3) 50.52814079838236
(9653, 2201, 3) 51.65134563613305
(9703, 2251, 3) 50.22166579983115
(9753, 2301, 3) 50.231856577115295
(9803, 2351, 3) 50.301237393623154
(9853, 2401, 3) 51.98608997543932
(9903, 2451, 3) 51.09712590201626
(9953, 2501, 3) 51.311663526078775
(10003, 2551, 3) 50.04181327057656
(10053, 2601, 3) 51.04028577778431
(10103, 2651, 3) 51.42968598016532
(10153, 2701, 3) 51.04981905810854
(10203, 2751, 3) 51.453188694587425
(10253, 2801, 3) 51.61793504068254
(10303, 2851, 3) 51.737611532218686
(10353, 2901, 3) 51.45803391820834
(10403, 2951, 3) 51.452346729764045
(10453, 3001, 3) 50.58184856287271
(10503, 3051, 3) 51.01075123545321
(10553, 3101, 3) 51.15571335095447
(10603, 3151, 3) 50.64599854013997
(10653, 3201, 3) 51.020721013668
(10703, 3251, 3) 51.65211947989182
(10753, 3301, 3) 51.35996888227806
(10803, 3351, 3) 51.54462562135485
(10853, 3401, 3) 51.350301079839674
(10903, 3451, 3) 51.407631078900764
(10953, 3501, 3) 52.16621686948467
(11003, 3551, 3) 52.056691209797314
(11053, 3601, 3) 51.8558579934194
(11103, 3651, 3) 52.01315350176823
(11153, 3701, 3) 50.4966825238233
(11179, 1, 4) 52.10630038708343
(11229, 51, 4) 52.833723894834314
(11279, 101, 4) 52.31349839385492
(11329, 151, 4) 52.35293633905352
(11379, 201, 4) 52.674102115920476
(11429, 251, 4) 51.53604343112966
(11479, 301, 4) 51.846890022654726
(11529, 351, 4) 51.295298369268984
(11579, 401, 4) 51.75854784902521
(11629, 451, 4) 51.70350192418691
(11679, 501, 4) 51.57680558254103
(11729, 551, 4) 52.65249354301028
(11779, 601, 4) 51.812611483133296
(11829, 651, 4) 51.0125848702973
(11879, 701, 4) 51.90955396288417
(11929, 751, 4) 52.3212489206561
(11979, 801, 4) 51.858396968090645
(12029, 851, 4) 51.2585863925186
(12079, 901, 4) 50.63535338251772
(12129, 951, 4) 52.2091324494772
(12179, 1001, 4) 52.50337443608487
(12229, 1051, 4) 51.958717797392936
(12279, 1101, 4) 52.27024650710531
(12329, 1151, 4) 52.38619002911552
(12379, 1201, 4) 51.73828877720902
(12429, 1251, 4) 52.55285825920447
(12479, 1301, 4) 52.28816611652785
(12529, 1351, 4) 52.81733886637389
(12579, 1401, 4) 53.36567031504171
(12629, 1451, 4) 51.78657815375469
(12679, 1501, 4) 52.410158345381205
(12729, 1551, 4) 52.21305995434329
(12779, 1601, 4) 52.09613312626662
(12829, 1651, 4) 52.04699175208146
(12879, 1701, 4) 51.23742691076367
(12929, 1751, 4) 52.68847102080157
(12979, 1801, 4) 52.08245463047205
(13029, 1851, 4) 52.59009012961133
(13079, 1901, 4) 52.15597294675659
(13129, 1951, 4) 52.55341009889174
(13179, 2001, 4) 52.72304730061044
(13229, 2051, 4) 52.57209230308614
(13279, 2101, 4) 51.980534519107536
(13329, 2151, 4) 53.18286889722592
(13379, 2201, 4) 53.35217251145667
(13429, 2251, 4) 53.131916220523266
(13479, 2301, 4) 52.427087209556944
(13529, 2351, 4) 52.29403573043794
(13579, 2401, 4) 52.11799470982507
(13629, 2451, 4) 53.09166147141836
(13679, 2501, 4) 52.98331831305332
(13729, 2551, 4) 52.58039864034034
(13779, 2601, 4) 52.65818122252484
(13829, 2651, 4) 52.63723152640524
(13879, 2701, 4) 53.16568830900004
(13929, 2751, 4) 51.880997841720166
(13979, 2801, 4) 53.170973119878305
(14029, 2851, 4) 52.47769184158353
(14079, 2901, 4) 52.20610537473275
(14129, 2951, 4) 51.56257429691815
(14179, 3001, 4) 52.49810652283019
(14229, 3051, 4) 53.277371971181395
(14279, 3101, 4) 53.47544993590021
(14329, 3151, 4) 51.78208776003429
(14379, 3201, 4) 53.26902882518893
(14429, 3251, 4) 52.81193486254908
(14479, 3301, 4) 51.89618425257704
(14529, 3351, 4) 53.52124048522433
(14579, 3401, 4) 53.85838648279528
(14629, 3451, 4) 53.82843128675934
(14679, 3501, 4) 52.72249596043428
(14729, 3551, 4) 52.764611008098626
(14779, 3601, 4) 53.37682538501905
(14829, 3651, 4) 52.87407567503609
(14879, 3701, 4) 53.30137313846476
