(1, 1, 1) 2.121521386286447
(51, 51, 1) 12.217872405854402
(101, 101, 1) 71.65313105737896
(151, 151, 1) 12.217872405854402
(201, 201, 1) 11.921988546536205
(251, 251, 1) 5.79699410345547
(301, 301, 1) 11.224444648611454
(351, 351, 1) 16.564565321939206
(401, 401, 1) 3.0002843173508635
(451, 451, 1) 3.0002843173508635
(501, 501, 1) 3.0002843173508635
(551, 551, 1) 3.0002843173508635
(601, 601, 1) 3.0002843173508635
(651, 651, 1) 3.0002843173508635
(701, 701, 1) 3.0002843173508635
(751, 751, 1) 3.567959457224729
(801, 801, 1) 3.510853679656039
(851, 851, 1) 3.0002843173508635
(901, 901, 1) 3.0002843173508635
(951, 951, 1) 8.435919294834532
(1001, 1001, 1) 3.7726577991904215
(1051, 1051, 1) 20.563448477496635
(1101, 1101, 1) 48.54917717073236
(1151, 1151, 1) 48.24596045788105
(1201, 1201, 1) 7.021707359312077
(1251, 1251, 1) 32.001589569502464
(1301, 1301, 1) 32.74312958221611
(1351, 1351, 1) 41.59586077502763
(1401, 1401, 1) 29.820706799971
(1451, 1451, 1) 19.986628095188017
(1501, 1501, 1) 29.656086948860384
(1551, 1551, 1) 40.67315523312909
(1601, 1601, 1) 33.307662668678184
(1651, 1651, 1) 34.096056069573514
(1701, 1701, 1) 30.529570075613584
(1751, 1751, 1) 23.246682591609037
(1801, 1801, 1) 16.346834469978205
(1851, 1851, 1) 24.373357804213125
(1901, 1901, 1) 33.621248199923784
(1951, 1951, 1) 24.911274612875413
(2001, 2001, 1) 7.9781998873177455
(2051, 2051, 1) 8.435919294834532
(2101, 2101, 1) 18.71053724324834
(2151, 2151, 1) 8.35026435116089
(2201, 2201, 1) 21.475571940851758
(2251, 2251, 1) 20.453886877696632
(2301, 2301, 1) 9.5231126676254
(2351, 2351, 1) 31.541318910947727
(2401, 2401, 1) 18.475484720699217
(2451, 2451, 1) 10.922819375867334
(2501, 2501, 1) 32.774568052975916
(2551, 2551, 1) 18.186362944936622
(2601, 2601, 1) 20.619276306926466
(2651, 2651, 1) 31.513119223473304
(2701, 2701, 1) 65.29942057256108
(2751, 2751, 1) 20.06411049401192
(2801, 2801, 1) 25.56577266620359
(2851, 2851, 1) 16.78912521552562
(2901, 2901, 1) 25.51001274286627
(2951, 2951, 1) 50.08718428920989
(3001, 3001, 1) 49.20366473679843
(3051, 3051, 1) 46.92470064105601
(3101, 3101, 1) 32.091389827941
(3151, 3151, 1) 22.61630802261084
(3201, 3201, 1) 9.251763765271878
(3251, 3251, 1) 30.603689509300892
(3301, 3301, 1) 39.65384287913186
(3351, 3351, 1) 9.257088523599897
(3401, 3401, 1) 39.567167294524324
(3451, 3451, 1) 19.79759568497599
(3501, 3501, 1) 39.65384287913186
(3551, 3551, 1) 32.82518529729177
(3567, 1, 2) 25.748661016289674
(3617, 51, 2) 42.610827239170156
(3667, 101, 2) 28.28552846587806
(3717, 151, 2) 50.14756677893479
(3767, 201, 2) 60.76795808137696
(3817, 251, 2) 26.225480957951714
(3867, 301, 2) 21.824882776994272
(3917, 351, 2) 39.45881255591768
(3967, 401, 2) 17.509627589988398
(4017, 451, 2) 17.658659134099384
(4067, 501, 2) 29.584225204108726
(4117, 551, 2) 22.373365125967002
(4167, 601, 2) 17.509627589988398
(4217, 651, 2) 25.37710754125116
(4267, 701, 2) 7.539413900007136
(4317, 751, 2) 27.94742907588562
(4367, 801, 2) 18.015580061535008
(4417, 851, 2) 22.90364947920727
(4467, 901, 2) 21.254880998705648
(4517, 951, 2) 17.804010150489436
(4567, 1001, 2) 21.602276977013286
(4617, 1051, 2) 17.658659134099384
(4667, 1101, 2) 17.356690431315677
(4717, 1151, 2) 17.804010150489436
(4767, 1201, 2) 32.46679154750989
(4817, 1251, 2) 25.362853666945416
(4867, 1301, 2) 27.7067865022864
(4917, 1351, 2) 16.98320990659208
(4967, 1401, 2) 17.132856170004736
(5017, 1451, 2) 26.017550832896507
(5067, 1501, 2) 20.310341961604593
(5117, 1551, 2) 16.508791086203054
(5167, 1601, 2) 24.573416426575275
(5217, 1651, 2) 16.671458916407406
(5267, 1701, 2) 64.93358309501976
(5317, 1751, 2) 21.475571940851747
(5367, 1801, 2) 24.968111109618846
(5417, 1851, 2) 28.397110626034348
(5467, 1901, 2) 31.44615717359896
(5517, 1951, 2) 23.429426474160874
(5567, 2001, 2) 24.352011730899655
(5617, 2051, 2) 24.968111109618846
(5667, 2101, 2) 28.397110626034348
(5717, 2151, 2) 41.643966418296905
(5767, 2201, 2) 66.36154805687889
(5817, 2251, 2) 22.029044208372596
(5867, 2301, 2) 21.475571940851747
(5917, 2351, 2) 21.108332811806306
(5967, 2401, 2) 30.296887338419456
(6017, 2451, 2) 83.4452289722301
(6067, 2501, 2) 64.93358309501976
(6117, 2551, 2) 33.37145215842695
(6167, 2601, 2) 83.4452289722301
(6217, 2651, 2) 83.4452289722301
(6267, 2701, 2) 27.44333720270392
(6317, 2751, 2) 83.4452289722301
(6367, 2801, 2) 83.4452289722301
(6417, 2851, 2) 30.585694813800373
(6467, 2901, 2) 83.4452289722301
(6517, 2951, 2) 83.4452289722301
(6567, 3001, 2) 83.4452289722301
(6617, 3051, 2) 83.4452289722301
(6667, 3101, 2) 83.4452289722301
(6717, 3151, 2) 83.4452289722301
(6767, 3201, 2) 83.4452289722301
(6817, 3251, 2) 83.4452289722301
(6867, 3301, 2) 83.4452289722301
(6917, 3351, 2) 83.4452289722301
(6967, 3401, 2) 83.4452289722301
(7017, 3451, 2) 83.4452289722301
(7067, 3501, 2) 83.4452289722301
(7117, 3551, 2) 83.4452289722301
(7133, 1, 3) 83.4452289722301
(7183, 51, 3) 83.4452289722301
(7233, 101, 3) 27.00410207998782
(7283, 151, 3) 83.4452289722301
(7333, 201, 3) 83.4452289722301
(7383, 251, 3) 83.4452289722301
(7433, 301, 3) 83.4452289722301
(7483, 351, 3) 83.4452289722301
(7533, 401, 3) 83.4452289722301
(7583, 451, 3) 83.4452289722301
(7633, 501, 3) 37.292184043445765
(7683, 551, 3) 36.44826674510784
(7733, 601, 3) 52.27136245818665
(7783, 651, 3) 41.596266685670436
(7833, 701, 3) 37.22103103211556
(7883, 751, 3) 39.49583000624658
(7933, 801, 3) 39.4612603188547
(7983, 851, 3) 41.596266685670436
(8033, 901, 3) 41.596266685670436
(8083, 951, 3) 40.74092154155125
(8133, 1001, 3) 48.94821375701944
(8183, 1051, 3) 39.176322835702095
(8233, 1101, 3) 38.53210902212717
(8283, 1151, 3) 39.176322835702095
(8333, 1201, 3) 48.94821375701944
(8383, 1251, 3) 38.016234754137514
(8433, 1301, 3) 37.491747274349784
(8483, 1351, 3) 41.596266685670436
(8533, 1401, 3) 41.596266685670436
(8583, 1451, 3) 47.440300614401664
(8633, 1501, 3) 39.176322835702095
(8683, 1551, 3) 39.176322835702095
(8733, 1601, 3) 39.176322835702095
(8783, 1651, 3) 39.176322835702095
(8833, 1701, 3) 39.176322835702095
(8883, 1751, 3) 39.176322835702095
(8933, 1801, 3) 39.176322835702095
(8983, 1851, 3) 83.4452289722301
(9033, 1901, 3) 39.4612603188547
(9083, 1951, 3) 38.88502885585668
(9133, 2001, 3) 38.88502885585668
(9183, 2051, 3) 37.701401749661876
(9233, 2101, 3) 48.350051746615414
(9283, 2151, 3) 51.81480028327904
(9333, 2201, 3) 43.345978280292535
(9383, 2251, 3) 41.91749723109781
(9433, 2301, 3) 40.542340870218396
(9483, 2351, 3) 51.81480028327904
(9533, 2401, 3) 38.88502885585668
(9583, 2451, 3) 39.176322835702095
(9633, 2501, 3) 38.88502885585668
(9683, 2551, 3) 40.74092154155125
(9733, 2601, 3) 51.34583983222173
(9783, 2651, 3) 39.176322835702095
(9833, 2701, 3) 36.94427554618686
(9883, 2751, 3) 41.91749723109781
(9933, 2801, 3) 39.4612603188547
(9983, 2851, 3) 40.542340870218396
(10033, 2901, 3) 52.27136245818665
(10083, 2951, 3) 49.364831862698274
(10133, 3001, 3) 51.81480028327904
(10183, 3051, 3) 51.81480028327904
(10233, 3101, 3) 51.81480028327904
(10283, 3151, 3) 51.81480028327904
(10333, 3201, 3) 51.81480028327904
(10383, 3251, 3) 51.81480028327904
(10433, 3301, 3) 41.06557606373119
(10483, 3351, 3) 39.4612603188547
(10533, 3401, 3) 39.4612603188547
(10583, 3451, 3) 38.88502885585668
(10633, 3501, 3) 38.88502885585668
(10683, 3551, 3) 38.88502885585668
(10699, 1, 4) 40.74092154155125
(10749, 51, 4) 51.81480028327904
(10799, 101, 4) 47.440300614401664
(10849, 151, 4) 39.176322835702095
(10899, 201, 4) 36.44826674510784
(10949, 251, 4) 37.97561182728774
(10999, 301, 4) 41.29534723729139
(11049, 351, 4) 41.06557606373119
(11099, 401, 4) 41.06557606373119
(11149, 451, 4) 51.81480028327904
(11199, 501, 4) 41.596266685670436
(11249, 551, 4) 39.176322835702095
(11299, 601, 4) 47.180099836747196
(11349, 651, 4) 38.88502885585668
(11399, 701, 4) 38.88502885585668
(11449, 751, 4) 39.085037579717465
(11499, 801, 4) 48.94821375701944
(11549, 851, 4) 39.176322835702095
(11599, 901, 4) 51.243184065184835
(11649, 951, 4) 39.176322835702095
(11699, 1001, 4) 38.88502885585668
(11749, 1051, 4) 39.176322835702095
(11799, 1101, 4) 48.94821375701944
(11849, 1151, 4) 100.00000000000004
(11899, 1201, 4) 48.94821375701944
(11949, 1251, 4) 48.94821375701944
(11999, 1301, 4) 41.596266685670436
(12049, 1351, 4) 38.97943360215913
(12099, 1401, 4) 41.596266685670436
(12149, 1451, 4) 39.176322835702095
(12199, 1501, 4) 39.4612603188547
(12249, 1551, 4) 39.176322835702095
(12299, 1601, 4) 39.176322835702095
(12349, 1651, 4) 38.88502885585668
(12399, 1701, 4) 39.176322835702095
(12449, 1751, 4) 39.4612603188547
(12499, 1801, 4) 39.56469832356357
(12549, 1851, 4) 39.681928343920674
(12599, 1901, 4) 39.4612603188547
(12649, 1951, 4) 48.52067749471856
(12699, 2001, 4) 47.025935160581575
(12749, 2051, 4) 38.88502885585668
(12799, 2101, 4) 48.52067749471856
(12849, 2151, 4) 48.52067749471856
(12899, 2201, 4) 38.88502885585668
(12949, 2251, 4) 39.4612603188547
(12999, 2301, 4) 38.88502885585668
(13049, 2351, 4) 39.4612603188547
(13099, 2401, 4) 39.4612603188547
(13149, 2451, 4) 38.88502885585668
(13199, 2501, 4) 39.38687495456307
(13249, 2551, 4) 38.88502885585668
(13299, 2601, 4) 48.52067749471856
(13349, 2651, 4) 38.88502885585668
(13399, 2701, 4) 38.88502885585668
(13449, 2751, 4) 47.440300614401664
(13499, 2801, 4) 47.025935160581575
(13549, 2851, 4) 38.25941490887628
(13599, 2901, 4) 48.94821375701944
(13649, 2951, 4) 100.00000000000004
(13699, 3001, 4) 39.176322835702095
(13749, 3051, 4) 100.00000000000004
(13799, 3101, 4) 47.025935160581575
(13849, 3151, 4) 51.34583983222173
(13899, 3201, 4) 38.88502885585668
(13949, 3251, 4) 38.88502885585668
(13999, 3301, 4) 37.97561182728774
(14049, 3351, 4) 38.88502885585668
(14099, 3401, 4) 38.88502885585668
(14149, 3451, 4) 39.38687495456308
(14199, 3501, 4) 40.74092154155125
(14249, 3551, 4) 38.88502885585668
