(1, 1, 1) 1.649177401542872
(51, 51, 1) 3.6753576918048134
(101, 101, 1) 0.20159517192875015
(151, 151, 1) 4.337276621090707
(201, 201, 1) 1.149113150459676
(251, 251, 1) 1.3223276799204098
(301, 301, 1) 10.643239586101572
(351, 351, 1) 9.690252907713536
(401, 401, 1) 3.0505455343315244
(451, 451, 1) 0.4826726101312806
(501, 501, 1) 0.48437705690114485
(551, 551, 1) 0.479288327138461
(601, 601, 1) 0.491501578535946
(651, 651, 1) 0.6100128706978428
(701, 701, 1) 1.0894722690222038
(751, 751, 1) 1.8489488493820523
(801, 801, 1) 2.8006991687819385
(851, 851, 1) 2.202633189751051
(901, 901, 1) 3.2463089006246673
(951, 951, 1) 7.0021137926396495
(1001, 1001, 1) 9.281624755467059
(1051, 1051, 1) 11.586853816001948
(1101, 1101, 1) 11.745031962360704
(1151, 1151, 1) 11.415580620247587
(1201, 1201, 1) 9.060948938296605
(1251, 1251, 1) 10.776835137081978
(1301, 1301, 1) 12.04355664480226
(1351, 1351, 1) 8.86830348268983
(1401, 1401, 1) 10.041116068074931
(1451, 1451, 1) 9.605578683117406
(1501, 1501, 1) 11.35001353672727
(1551, 1551, 1) 10.158666142660802
(1601, 1601, 1) 11.72799410847379
(1651, 1651, 1) 12.620194958050151
(1701, 1701, 1) 10.696383477332738
(1751, 1751, 1) 10.500945182165466
(1801, 1801, 1) 11.134830632519012
(1851, 1851, 1) 11.179781361356802
(1901, 1901, 1) 11.160471480516254
(1951, 1951, 1) 11.507452547264558
(2001, 2001, 1) 9.371024740845199
(2051, 2051, 1) 9.487295949419465
(2101, 2101, 1) 9.014546105211856
(2151, 2151, 1) 9.763440240485311
(2201, 2201, 1) 9.609673151786387
(2251, 2251, 1) 10.549866027587383
(2301, 2301, 1) 9.229855804880199
(2351, 2351, 1) 11.945523628941867
(2401, 2401, 1) 12.085500944418575
(2451, 2451, 1) 10.67450853801543
(2501, 2501, 1) 12.334406830976214
(2551, 2551, 1) 12.059946552080875
(2601, 2601, 1) 9.58301716735998
(2651, 2651, 1) 10.636218225228363
(2701, 2701, 1) 13.454105803972116
(2751, 2751, 1) 9.827946234783418
(2801, 2801, 1) 9.084880400484415
(2851, 2851, 1) 11.774371071759399
(2901, 2901, 1) 9.783391751451633
(2951, 2951, 1) 11.604928305141236
(3001, 3001, 1) 10.819017252785244
(3051, 3051, 1) 10.31949004251859
(3101, 3101, 1) 10.327039945953578
(3151, 3151, 1) 10.85746501582292
(3201, 3201, 1) 11.848697761031833
(3251, 3251, 1) 10.348695827146505
(3301, 3301, 1) 12.952168948965562
(3351, 3351, 1) 11.456174510057108
(3401, 3401, 1) 13.444238041856435
(3451, 3451, 1) 12.940982691174415
(3501, 3501, 1) 14.166268235562171
(3551, 3551, 1) 14.255193786307844
(3567, 1, 2) 14.255843643941452
(3617, 51, 2) 13.378539778333337
(3667, 101, 2) 13.376537558192862
(3717, 151, 2) 12.413465242285898
(3767, 201, 2) 13.365323704363982
(3817, 251, 2) 13.28213646148371
(3867, 301, 2) 16.18100193063567
(3917, 351, 2) 14.725408177783473
(3967, 401, 2) 14.856842951461513
(4017, 451, 2) 14.0305553589774
(4067, 501, 2) 15.11378780646967
(4117, 551, 2) 15.303219078000406
(4167, 601, 2) 12.266410100188539
(4217, 651, 2) 16.008380139502364
(4267, 701, 2) 16.583498064050037
(4317, 751, 2) 16.52615970831527
(4367, 801, 2) 17.635274400402253
(4417, 851, 2) 17.563329159411676
(4467, 901, 2) 18.145698015183818
(4517, 951, 2) 16.62962157044452
(4567, 1001, 2) 18.91912698567826
(4617, 1051, 2) 17.63374913581732
(4667, 1101, 2) 15.909108354903681
(4717, 1151, 2) 18.90175401760847
(4767, 1201, 2) 19.591739742175484
(4817, 1251, 2) 19.897926323274582
(4867, 1301, 2) 16.294869555189017
(4917, 1351, 2) 18.53536177780014
(4967, 1401, 2) 18.711299935792066
(5017, 1451, 2) 20.568339041371186
(5067, 1501, 2) 19.14802661851665
(5117, 1551, 2) 21.395291919003277
(5167, 1601, 2) 21.692985721334413
(5217, 1651, 2) 19.416543259615956
(5267, 1701, 2) 22.818074841298124
(5317, 1751, 2) 18.76364379332672
(5367, 1801, 2) 22.149376461861703
(5417, 1851, 2) 21.515568817865756
(5467, 1901, 2) 22.214692534274445
(5517, 1951, 2) 20.817136545856656
(5567, 2001, 2) 22.073026825449702
(5617, 2051, 2) 23.485317072498884
(5667, 2101, 2) 22.40236405838207
(5717, 2151, 2) 22.34592203242407
(5767, 2201, 2) 23.368709687399964
(5817, 2251, 2) 23.475168585536977
(5867, 2301, 2) 23.862172609856376
(5917, 2351, 2) 21.884104033530935
(5967, 2401, 2) 23.653010261238766
(6017, 2451, 2) 24.06156785324537
(6067, 2501, 2) 24.609651940287485
(6117, 2551, 2) 21.89970699865546
(6167, 2601, 2) 24.319398793110594
(6217, 2651, 2) 23.617956277455512
(6267, 2701, 2) 20.890621798786224
(6317, 2751, 2) 25.749962165304446
(6367, 2801, 2) 25.84616282505217
(6417, 2851, 2) 25.096302415654648
(6467, 2901, 2) 25.89191255336926
(6517, 2951, 2) 25.733491446127882
(6567, 3001, 2) 26.461493457312706
(6617, 3051, 2) 27.083342074808836
(6667, 3101, 2) 27.32064431713419
(6717, 3151, 2) 27.744878119787366
(6767, 3201, 2) 23.632437458825564
(6817, 3251, 2) 26.321094021143484
(6867, 3301, 2) 28.755408743516103
(6917, 3351, 2) 26.983550809225587
(6967, 3401, 2) 26.32685629491257
(7017, 3451, 2) 26.721446642370292
(7067, 3501, 2) 26.301878583737928
(7117, 3551, 2) 26.947497537860613
(7133, 1, 3) 21.725109029749273
(7183, 51, 3) 28.71055194560646
(7233, 101, 3) 27.721931051347347
(7283, 151, 3) 27.031598279461956
(7333, 201, 3) 29.661596593120915
(7383, 251, 3) 29.79362089222966
(7433, 301, 3) 30.321015135828898
(7483, 351, 3) 27.79460092709928
(7533, 401, 3) 30.15280220232018
(7583, 451, 3) 24.621525980237987
(7633, 501, 3) 26.413912758190232
(7683, 551, 3) 28.237588306961015
(7733, 601, 3) 25.979303300197508
(7783, 651, 3) 26.572394836797788
(7833, 701, 3) 23.553396311971998
(7883, 751, 3) 27.351348006119835
(7933, 801, 3) 27.627645415301515
(7983, 851, 3) 28.530978515067797
(8033, 901, 3) 26.604263236181044
(8083, 951, 3) 29.417818030242294
(8133, 1001, 3) 28.93400622862466
(8183, 1051, 3) 29.922356519706792
(8233, 1101, 3) 29.727668947323703
(8283, 1151, 3) 29.411126586028207
(8333, 1201, 3) 30.83919808396391
(8383, 1251, 3) 31.680180297551942
(8433, 1301, 3) 30.308620710618083
(8483, 1351, 3) 31.34952336936863
(8533, 1401, 3) 31.109193528746726
(8583, 1451, 3) 27.645905043074332
(8633, 1501, 3) 31.210815055514026
(8683, 1551, 3) 30.118661781298695
(8733, 1601, 3) 30.152905482230615
(8783, 1651, 3) 30.457223691255283
(8833, 1701, 3) 32.039773551687986
(8883, 1751, 3) 28.06130795932277
(8933, 1801, 3) 30.707623796389946
(8983, 1851, 3) 32.366333173776525
(9033, 1901, 3) 29.517925284687013
(9083, 1951, 3) 30.746103162545257
(9133, 2001, 3) 32.523471387934705
(9183, 2051, 3) 32.04550215967447
(9233, 2101, 3) 30.71114307915572
(9283, 2151, 3) 32.600090035903456
(9333, 2201, 3) 32.61884907859743
(9383, 2251, 3) 31.527941902581638
(9433, 2301, 3) 31.842149776494264
(9483, 2351, 3) 31.947542552134735
(9533, 2401, 3) 31.71508385530455
(9583, 2451, 3) 31.119378722057302
(9633, 2501, 3) 32.653184187715226
(9683, 2551, 3) 32.346674913661516
(9733, 2601, 3) 30.823031834236172
(9783, 2651, 3) 33.47135949375927
(9833, 2701, 3) 28.80457881152524
(9883, 2751, 3) 31.652605415386336
(9933, 2801, 3) 33.025598200358736
(9983, 2851, 3) 32.1065211022369
(10033, 2901, 3) 31.767352219638017
(10083, 2951, 3) 31.23057753393021
(10133, 3001, 3) 32.988338716670356
(10183, 3051, 3) 34.026558383070245
(10233, 3101, 3) 34.202992376286915
(10283, 3151, 3) 32.82901559636443
(10333, 3201, 3) 33.18579225402356
(10383, 3251, 3) 31.814117130484796
(10433, 3301, 3) 33.01937956160866
(10483, 3351, 3) 33.53904392178136
(10533, 3401, 3) 32.985221482365645
(10583, 3451, 3) 33.336087910181135
(10633, 3501, 3) 33.60180868024832
(10683, 3551, 3) 33.853211761533714
(10699, 1, 4) 32.678111566516286
(10749, 51, 4) 33.88887042844358
(10799, 101, 4) 33.28146413321198
(10849, 151, 4) 33.342547456440684
(10899, 201, 4) 33.536779389489176
(10949, 251, 4) 33.40768843756222
(10999, 301, 4) 35.48986271526664
(11049, 351, 4) 32.48881734553317
(11099, 401, 4) 34.83458237860899
(11149, 451, 4) 34.037372883353214
(11199, 501, 4) 32.737216325594204
(11249, 551, 4) 34.58297079593535
(11299, 601, 4) 32.9711321029555
(11349, 651, 4) 34.54033759158519
(11399, 701, 4) 31.791982954675596
(11449, 751, 4) 34.258339614919535
(11499, 801, 4) 33.54154332211915
(11549, 851, 4) 33.91803245186872
(11599, 901, 4) 33.45187159552016
(11649, 951, 4) 33.71930138243413
(11699, 1001, 4) 35.085858042773864
(11749, 1051, 4) 35.21149423966535
(11799, 1101, 4) 35.47292344588335
(11849, 1151, 4) 35.53046133415295
(11899, 1201, 4) 34.68600769335614
(11949, 1251, 4) 34.6884795192037
(11999, 1301, 4) 34.69103322838741
(12049, 1351, 4) 34.19642310040132
(12099, 1401, 4) 35.22355356813463
(12149, 1451, 4) 35.876126754511155
(12199, 1501, 4) 35.22602305889322
(12249, 1551, 4) 34.80213174123213
(12299, 1601, 4) 33.4169306203748
(12349, 1651, 4) 34.68174766925251
(12399, 1701, 4) 34.056552069213566
(12449, 1751, 4) 34.81918517510707
(12499, 1801, 4) 33.700369585969554
(12549, 1851, 4) 35.53265910338583
(12599, 1901, 4) 34.250122646359486
(12649, 1951, 4) 34.571175096368584
(12699, 2001, 4) 33.24698729360188
(12749, 2051, 4) 36.081858564298514
(12799, 2101, 4) 34.902501200822364
(12849, 2151, 4) 35.62454845505716
(12899, 2201, 4) 36.02041692711853
(12949, 2251, 4) 36.525109608381314
(12999, 2301, 4) 35.48433677808395
(13049, 2351, 4) 33.858031649946206
(13099, 2401, 4) 35.44482703140196
(13149, 2451, 4) 34.430822058887834
(13199, 2501, 4) 35.231282951952196
(13249, 2551, 4) 33.78171399003405
(13299, 2601, 4) 35.54724698378514
(13349, 2651, 4) 36.49584688610196
(13399, 2701, 4) 34.295141168207884
(13449, 2751, 4) 36.415148465630985
(13499, 2801, 4) 35.48126095948918
(13549, 2851, 4) 34.38206423297867
(13599, 2901, 4) 34.631979401369584
(13649, 2951, 4) 35.952787486755746
(13699, 3001, 4) 35.87251516582106
(13749, 3051, 4) 36.70102415356102
(13799, 3101, 4) 36.51934040170674
(13849, 3151, 4) 35.914016423806586
(13899, 3201, 4) 34.73282614451694
(13949, 3251, 4) 35.362271160166195
(13999, 3301, 4) 36.21080469460075
(14049, 3351, 4) 36.012086314475795
(14099, 3401, 4) 35.94941187928638
(14149, 3451, 4) 35.82289927954359
(14199, 3501, 4) 37.00865993092816
(14249, 3551, 4) 37.24397647026098
