(1, 1, 1) 15.314780379895247
(51, 51, 1) 0
(101, 101, 1) 0
(151, 151, 1) 0
(201, 201, 1) 0
(251, 251, 1) 2.5500246950776635
(301, 301, 1) 0
(351, 351, 1) 0
(401, 401, 1) 9.319662562537253
(451, 451, 1) 17.89878912946654
(501, 501, 1) 17.823236082226156
(551, 551, 1) 18.050345242016125
(601, 601, 1) 17.603617175485436
(651, 651, 1) 13.441415141849124
(701, 701, 1) 16.26852115066185
(751, 751, 1) 15.186717033442616
(801, 801, 1) 11.145085916416921
(851, 851, 1) 13.705510629790648
(901, 901, 1) 9.086672076392322
(951, 951, 1) 5.6077842575963
(1001, 1001, 1) 2.1067528929966173
(1051, 1051, 1) 0.1044380925313142
(1101, 1101, 1) 0.6273039728818226
(1151, 1151, 1) 2.2972959323971622
(1201, 1201, 1) 2.8205718911870434
(1251, 1251, 1) 2.0258388476854527
(1301, 1301, 1) 0
(1351, 1351, 1) 0.04887140692646952
(1401, 1401, 1) 0.9922045465260645
(1451, 1451, 1) 0.5235579210756178
(1501, 1501, 1) 0
(1551, 1551, 1) 0.8147206541156216
(1601, 1601, 1) 0
(1651, 1651, 1) 0
(1701, 1701, 1) 0
(1751, 1751, 1) 0
(1801, 1801, 1) 0
(1851, 1851, 1) 0
(1901, 1901, 1) 0
(1951, 1951, 1) 0
(2001, 2001, 1) 1.421010327281472
(2051, 2051, 1) 0.9888020783105809
(2101, 2101, 1) 1.3788463959070505
(2151, 2151, 1) 0.8553811832696034
(2201, 2201, 1) 1.6172473167006522
(2251, 2251, 1) 0.8557697179313699
(2301, 2301, 1) 1.7483898711896977
(2351, 2351, 1) 0
(2401, 2401, 1) 0
(2451, 2451, 1) 0.8665942786592176
(2501, 2501, 1) 0
(2551, 2551, 1) 0.4857054723746401
(2601, 2601, 1) 1.6653571403542529
(2651, 2651, 1) 1.174142530433162
(2701, 2701, 1) 1.811119201279812
(2751, 2751, 1) 2.7678761746501017
(2801, 2801, 1) 2.8271286295931723
(2851, 2851, 1) 0.7784551678421856
(2901, 2901, 1) 1.6484669458086678
(2951, 2951, 1) 0.8328454419742606
(3001, 3001, 1) 2.3241733107485416
(3051, 3051, 1) 2.2126206874586245
(3101, 3101, 1) 2.6373422744765413
(3151, 3151, 1) 2.8379680657937563
(3201, 3201, 1) 1.9814195395218732
(3251, 3251, 1) 3.1379415620778595
(3301, 3301, 1) 1.8077722528998983
(3351, 3351, 1) 2.4651628078526358
(3401, 3401, 1) 1.6342444204196198
(3451, 3451, 1) 1.5060366045458125
(3501, 3501, 1) 1.2434760236126827
(3551, 3551, 1) 0.7184869010270027
(3567, 1, 2) 1.5332353756508006
(3617, 51, 2) 1.5276604204893793
(3667, 101, 2) 1.8312703466341596
(3717, 151, 2) 2.816861942615983
(3767, 201, 2) 1.994215770906191
(3817, 251, 2) 2.1597866419518397
(3867, 301, 2) 0.6141777903362531
(3917, 351, 2) 1.8018701095461687
(3967, 401, 2) 1.7261058407950784
(4017, 451, 2) 2.4524218547946823
(4067, 501, 2) 1.98942544927813
(4117, 551, 2) 2.1565669085050807
(4167, 601, 2) 3.0409545963990325
(4217, 651, 2) 1.284491955356831
(4267, 701, 2) 0.891885261100871
(4317, 751, 2) 1.7614265593319978
(4367, 801, 2) 1.5112721010792747
(4417, 851, 2) 1.1257814180483905
(4467, 901, 2) 0.9088492381682016
(4517, 951, 2) 1.7832594529897783
(4567, 1001, 2) 1.3401991655949352
(4617, 1051, 2) 1.57254328877627
(4667, 1101, 2) 2.6295364693517342
(4717, 1151, 2) 1.7899661022427473
(4767, 1201, 2) 1.731527622252191
(4817, 1251, 2) 1.5054577665737412
(4867, 1301, 2) 3.048669088281759
(4917, 1351, 2) 1.8893503427545006
(4967, 1401, 2) 2.721526271106054
(5017, 1451, 2) 1.9680665584956323
(5067, 1501, 2) 1.9995457841373074
(5117, 1551, 2) 1.4938093208983254
(5167, 1601, 2) 1.8001017457966917
(5217, 1651, 2) 2.392508112214653
(5267, 1701, 2) 1.9712915434798894
(5317, 1751, 2) 1.657584311377935
(5367, 1801, 2) 1.0934397199716344
(5417, 1851, 2) 1.6057369431546178
(5467, 1901, 2) 1.577488600696288
(5517, 1951, 2) 1.953142793531537
(5567, 2001, 2) 2.1004179579453783
(5617, 2051, 2) 2.1575925756529486
(5667, 2101, 2) 1.052535488504855
(5717, 2151, 2) 1.0566117435816302
(5767, 2201, 2) 2.1327026061799863
(5817, 2251, 2) 1.6193575311517385
(5867, 2301, 2) 2.0564698434942876
(5917, 2351, 2) 2.0438590490086987
(5967, 2401, 2) 2.509174743313217
(6017, 2451, 2) 2.1492268048719794
(6067, 2501, 2) 2.0904034513551686
(6117, 2551, 2) 1.550924932580795
(6167, 2601, 2) 2.8376438482890656
(6217, 2651, 2) 2.283453773027407
(6267, 2701, 2) 3.406926756195265
(6317, 2751, 2) 2.1079307384988155
(6367, 2801, 2) 2.371073135952571
(6417, 2851, 2) 1.7515801690321204
(6467, 2901, 2) 2.2171069251734146
(6517, 2951, 2) 2.0399783925727917
(6567, 3001, 2) 2.4863740398716025
(6617, 3051, 2) 2.2134494694620557
(6667, 3101, 2) 2.6639692437895945
(6717, 3151, 2) 2.401686715589488
(6767, 3201, 2) 2.111534853682219
(6817, 3251, 2) 2.3894772948646192
(6867, 3301, 2) 2.334884194119791
(6917, 3351, 2) 2.9596867657427914
(6967, 3401, 2) 2.5846504701048048
(7017, 3451, 2) 1.9889886830503052
(7067, 3501, 2) 2.032928307736224
(7117, 3551, 2) 2.4780117090500227
(7133, 1, 3) 2.3107731598149854
(7183, 51, 3) 2.179451953401294
(7233, 101, 3) 2.6773447998333886
(7283, 151, 3) 2.985281395767913
(7333, 201, 3) 2.4862691251843465
(7383, 251, 3) 2.492508573659258
(7433, 301, 3) 2.485801506094571
(7483, 351, 3) 2.7588257342547706
(7533, 401, 3) 2.6993476595003436
(7583, 451, 3) 1.607904893654318
(7633, 501, 3) 2.1567716780224195
(7683, 551, 3) 2.789649373474056
(7733, 601, 3) 1.9010995920452878
(7783, 651, 3) 1.8115612637397156
(7833, 701, 3) 1.2590425236559106
(7883, 751, 3) 2.219079060305372
(7933, 801, 3) 2.6533089406887633
(7983, 851, 3) 2.1829077844408005
(8033, 901, 3) 1.8744180423716479
(8083, 951, 3) 2.673442152842078
(8133, 1001, 3) 2.466174828689546
(8183, 1051, 3) 2.654903040258212
(8233, 1101, 3) 3.309521426866148
(8283, 1151, 3) 3.330748594776427
(8333, 1201, 3) 2.8765204580895016
(8383, 1251, 3) 2.9600059938092045
(8433, 1301, 3) 3.3980722375592833
(8483, 1351, 3) 3.154141936444738
(8533, 1401, 3) 3.034792792662188
(8583, 1451, 3) 2.191607448927872
(8633, 1501, 3) 3.294922178889699
(8683, 1551, 3) 2.6828303989302427
(8733, 1601, 3) 3.066104737042405
(8783, 1651, 3) 2.730066440115216
(8833, 1701, 3) 3.1636315975736515
(8883, 1751, 3) 2.349630969433356
(8933, 1801, 3) 2.8702715072047127
(8983, 1851, 3) 2.6861757314902412
(9033, 1901, 3) 2.53309509847859
(9083, 1951, 3) 3.5237350923748885
(9133, 2001, 3) 3.5372734197674056
(9183, 2051, 3) 3.408152704096352
(9233, 2101, 3) 1.8910521868399144
(9283, 2151, 3) 3.5133245222796248
(9333, 2201, 3) 3.058647531007132
(9383, 2251, 3) 3.2769931972997703
(9433, 2301, 3) 3.7401881484140524
(9483, 2351, 3) 3.2746709243557355
(9533, 2401, 3) 3.5092310649250287
(9583, 2451, 3) 3.4366341602331794
(9633, 2501, 3) 3.13192327005369
(9683, 2551, 3) 3.48842482652476
(9733, 2601, 3) 2.8220488022647032
(9783, 2651, 3) 3.4167914595640134
(9833, 2701, 3) 3.2780734589519938
(9883, 2751, 3) 3.4085538540319753
(9933, 2801, 3) 3.329832789319525
(9983, 2851, 3) 2.8779667707787233
(10033, 2901, 3) 3.1489028543378232
(10083, 2951, 3) 2.864544633168535
(10133, 3001, 3) 3.0798724163162916
(10183, 3051, 3) 3.099541115001859
(10233, 3101, 3) 3.353943771878825
(10283, 3151, 3) 3.3276873702015273
(10333, 3201, 3) 3.605122988951347
(10383, 3251, 3) 3.224605184841696
(10433, 3301, 3) 3.197889076300182
(10483, 3351, 3) 4.01033758973767
(10533, 3401, 3) 3.6166932016141295
(10583, 3451, 3) 3.513465419148954
(10633, 3501, 3) 3.746535226629195
(10683, 3551, 3) 3.400634990062283
(10699, 1, 4) 3.8551871087059695
(10749, 51, 4) 3.4797701752221144
(10799, 101, 4) 3.4787842655369268
(10849, 151, 4) 3.9419292690064758
(10899, 201, 4) 3.465799192838258
(10949, 251, 4) 3.335237825145402
(10999, 301, 4) 3.0730573642618317
(11049, 351, 4) 3.5352887380809754
(11099, 401, 4) 3.8669134621759547
(11149, 451, 4) 3.3356654223768025
(11199, 501, 4) 3.653818260864373
(11249, 551, 4) 3.893496137885773
(11299, 601, 4) 3.4751824513671217
(11349, 651, 4) 3.1664038760272533
(11399, 701, 4) 3.0362535116345875
(11449, 751, 4) 3.1544423235853216
(11499, 801, 4) 3.505605638637025
(11549, 851, 4) 3.4410334162448244
(11599, 901, 4) 3.1785340853844204
(11649, 951, 4) 3.263278264175195
(11699, 1001, 4) 3.68675336613072
(11749, 1051, 4) 3.569214534753552
(11799, 1101, 4) 3.8142607599553244
(11849, 1151, 4) 3.450029246698943
(11899, 1201, 4) 3.436680019819658
(11949, 1251, 4) 3.068398416377871
(11999, 1301, 4) 3.2641898120402644
(12049, 1351, 4) 3.4232269844652983
(12099, 1401, 4) 3.848349283054052
(12149, 1451, 4) 3.5142289203197983
(12199, 1501, 4) 3.926326023380607
(12249, 1551, 4) 3.6226974531913925
(12299, 1601, 4) 3.1356437340944048
(12349, 1651, 4) 3.7085172707377616
(12399, 1701, 4) 3.610329488756946
(12449, 1751, 4) 3.7066430060429916
(12499, 1801, 4) 3.7610220926907765
(12549, 1851, 4) 3.5559841502968013
(12599, 1901, 4) 3.6114933694997013
(12649, 1951, 4) 3.7742128993763835
(12699, 2001, 4) 3.7335260706453965
(12749, 2051, 4) 3.839378253671139
(12799, 2101, 4) 3.2917252109671544
(12849, 2151, 4) 3.6450471411661205
(12899, 2201, 4) 3.7104629016559727
(12949, 2251, 4) 3.5854696889198614
(12999, 2301, 4) 3.7539157177409272
(13049, 2351, 4) 3.8969731313578073
(13099, 2401, 4) 3.789926249726822
(13149, 2451, 4) 3.9962555180725055
(13199, 2501, 4) 3.180759554545812
(13249, 2551, 4) 3.9709003044429387
(13299, 2601, 4) 3.5799018987098883
(13349, 2651, 4) 3.9248394178040407
(13399, 2701, 4) 3.8460723958869885
(13449, 2751, 4) 3.650680383431851
(13499, 2801, 4) 3.512241880056763
(13549, 2851, 4) 3.837670771152734
(13599, 2901, 4) 3.4576796377024017
(13649, 2951, 4) 3.6301017281145285
(13699, 3001, 4) 3.500370278716364
(13749, 3051, 4) 3.5501493125890633
(13799, 3101, 4) 3.770695743636157
(13849, 3151, 4) 3.520975106776312
(13899, 3201, 4) 3.5905142017344396
(13949, 3251, 4) 3.6615880744706395
(13999, 3301, 4) 3.571835768632045
(14049, 3351, 4) 4.07263120662811
(14099, 3401, 4) 4.053278406227925
(14149, 3451, 4) 3.7460120237693424
(14199, 3501, 4) 3.97464427589005
(14249, 3551, 4) 3.6702519025540283
