(1, 1, 1) 11.79109872982602
(21, 21, 1) 10.16941645077434
(41, 41, 1) 7.561067322745698
(61, 61, 1) 7.332361774426561
(81, 81, 1) 7.310135058144485
(101, 101, 1) 7.267246241436108
(121, 121, 1) 7.2625324043726
(141, 141, 1) 7.275081538023625
(161, 161, 1) 7.179921027048122
(181, 181, 1) 7.161229509157815
(201, 201, 1) 7.163284475441142
(221, 221, 1) 7.175579877697554
(241, 241, 1) 7.16353137471865
(261, 261, 1) 7.117143978491336
(281, 281, 1) 7.140811932395474
(301, 301, 1) 7.163548332259625
(321, 321, 1) 7.030496119736884
(341, 341, 1) 6.9930559705152735
(361, 361, 1) 6.995703471825617
(381, 381, 1) 6.923612525165035
(401, 401, 1) 6.907372382247745
(421, 421, 1) 6.887597651035295
(441, 441, 1) 6.876222634335724
(461, 461, 1) 6.8103020824178175
(481, 481, 1) 6.774386399758173
(501, 501, 1) 6.776666609972605
(521, 521, 1) 6.776129675633712
(541, 541, 1) 6.73060999120612
(561, 561, 1) 6.72774222278173
(581, 581, 1) 6.716279728238652
(601, 601, 1) 6.693403049759887
(621, 621, 1) 6.675094621133445
(641, 641, 1) 6.648335397820811
(661, 661, 1) 6.653327353798941
(681, 681, 1) 6.611046358231382
(701, 701, 1) 6.668025980493439
(721, 721, 1) 6.561084826328987
(741, 741, 1) 6.548812125142971
(761, 761, 1) 6.513311150005272
(781, 781, 1) 6.479837099934467
(801, 801, 1) 6.495505501765204
(821, 821, 1) 6.535706395240835
(841, 841, 1) 6.483971847885288
(861, 861, 1) 6.500432007991972
(881, 881, 1) 6.429262850042885
(901, 901, 1) 6.476030201276247
(921, 921, 1) 6.451787516767285
(941, 941, 1) 6.392078722668179
(961, 961, 1) 6.412529298240388
(981, 981, 1) 6.3648301021821645
(1001, 1001, 1) 6.367729629352446
(1021, 1021, 1) 6.362808784133213
(1041, 1041, 1) 6.370403593365522
(1061, 1061, 1) 6.268999298295364
(1081, 1081, 1) 6.300673616618427
(1101, 1101, 1) 6.274248146519868
(1121, 1121, 1) 6.286034697185734
(1141, 1141, 1) 6.2540329948963205
(1161, 1161, 1) 6.223504449691747
(1181, 1181, 1) 6.280825765405563
(1201, 1201, 1) 6.254546341774854
(1221, 1221, 1) 6.211454594773455
(1241, 1241, 1) 6.133223771273367
(1261, 1261, 1) 6.181396780513653
(1281, 1281, 1) 6.157833557116136
(1301, 1301, 1) 6.20198049829358
(1321, 1321, 1) 6.162645316817955
(1341, 1341, 1) 6.174350961827981
(1361, 1361, 1) 6.1850077890151764
(1381, 1381, 1) 6.093478159310168
(1401, 1401, 1) 6.131035813925984
(1421, 1421, 1) 6.0879210719371954
(1441, 1441, 1) 6.135950308904572
(1461, 1461, 1) 6.1555784444601676
(1481, 1481, 1) 6.057045566360451
(1501, 1501, 1) 6.038919071155133
(1521, 1521, 1) 6.04999565279942
(1541, 1541, 1) 6.026408915171819
(1561, 1561, 1) 5.993311415729218
(1581, 1581, 1) 6.036951374272097
(1601, 1601, 1) 6.049629745411186
(1621, 1621, 1) 6.028607256950195
(1641, 1641, 1) 6.004320720059647
(1661, 1661, 1) 5.998271972866018
(1681, 1681, 1) 5.978566266417507
(1701, 1701, 1) 5.998575686637169
(1721, 1721, 1) 5.902376417969453
(1741, 1741, 1) 5.959237709766338
(1761, 1761, 1) 5.926876238404553
(1781, 1781, 1) 5.943115686550845
(1801, 1801, 1) 5.939387851769709
(1821, 1821, 1) 5.9115544903932244
(1841, 1841, 1) 5.938378493242867
(1861, 1861, 1) 5.810696469194448
(1881, 1881, 1) 5.914612822689115
(1901, 1901, 1) 5.859007293257597
(1921, 1921, 1) 5.901879396404468
(1941, 1941, 1) 5.8985719057348165
(1961, 1961, 1) 5.757116100264588
(1981, 1981, 1) 5.800108625730466
(2001, 2001, 1) 5.85776022622673
(2021, 2021, 1) 5.850766998744769
(2041, 2041, 1) 5.791427419761545
(2061, 2061, 1) 5.790078399621631
(2081, 2081, 1) 5.747524003528453
(2101, 2101, 1) 5.735212498832807
(2121, 2121, 1) 5.778904000914178
(2141, 2141, 1) 5.754606712140051
(2161, 2161, 1) 5.684321638042823
(2181, 2181, 1) 5.709155083677059
(2201, 2201, 1) 5.770605472376411
(2221, 2221, 1) 5.688168700410648
(2241, 2241, 1) 5.774088368593073
(2261, 2261, 1) 5.751964104460019
(2281, 2281, 1) 5.685756056510234
(2301, 2301, 1) 5.705480790697639
(2321, 2321, 1) 5.682101796774079
(2341, 2341, 1) 5.718812709675661
(2361, 2361, 1) 5.714744322957893
(2381, 2381, 1) 5.6767718883770835
(2401, 2401, 1) 5.625402989705561
(2421, 2421, 1) 5.6567803964347405
(2441, 2441, 1) 5.689685026065134
(2461, 2461, 1) 5.634124374921297
(2481, 2481, 1) 5.580392278058537
(2501, 2501, 1) 5.590164453707648
(2521, 2521, 1) 5.600962197820666
(2541, 2541, 1) 5.5431932575001195
(2561, 2561, 1) 5.588800783100935
(2581, 2581, 1) 5.559298773353021
(2601, 2601, 1) 5.568445835091545
(2621, 2621, 1) 5.495195448854346
(2641, 2641, 1) 5.4653667264988135
(2661, 2661, 1) 5.548966370088574
(2681, 2681, 1) 5.508678789689665
(2701, 2701, 1) 5.456986903366328
(2721, 2721, 1) 5.467298868391832
(2741, 2741, 1) 5.394529025471913
(2761, 2761, 1) 5.4439098202571845
(2781, 2781, 1) 5.379850052607162
(2801, 2801, 1) 5.380648028879245
(2821, 2821, 1) 5.345943000247954
(2841, 2841, 1) 5.3818369676575255
(2861, 2861, 1) 5.44582058511197
(2881, 2881, 1) 5.454881230619433
(2901, 2901, 1) 5.354882097880434
(2921, 2921, 1) 5.428580390768548
(2941, 2941, 1) 5.3400499741980765
(2961, 2961, 1) 5.361595471152972
(2981, 2981, 1) 5.324255229849825
(3001, 3001, 1) 5.288183616378058
(3021, 3021, 1) 5.351844834846338
(3041, 3041, 1) 5.323708450228514
(3061, 3061, 1) 5.27929365998095
(3081, 3081, 1) 5.338900303889361
(3101, 3101, 1) 5.238412552015863
(3121, 3121, 1) 5.290945659338747
(3141, 3141, 1) 5.233208246072612
(3161, 3161, 1) 5.253469554173049
(3181, 3181, 1) 5.202982202563475
(3201, 3201, 1) 5.235012285586281
(3221, 3221, 1) 5.230682032578057
(3241, 3241, 1) 5.189057881462108
(3261, 3261, 1) 5.161462845634344
(3281, 3281, 1) 5.12913545331611
(3301, 3301, 1) 4.9649673146648405
(3321, 3321, 1) 5.084927728947177
(3341, 3341, 1) 5.149173357413458
(3361, 3361, 1) 5.166798562767226
(3381, 3381, 1) 5.075641858278668
(3401, 3401, 1) 5.078225564836233
(3421, 3421, 1) 5.0786257888169635
(3441, 3441, 1) 5.109036834293255
(3461, 3461, 1) 5.147106327391908
(3481, 3481, 1) 5.048997651331694
(3501, 3501, 1) 4.941682785919316
(3521, 3521, 1) 4.995410494461143
(3541, 3541, 1) 5.025876460799353
(3561, 3561, 1) 4.941476126156381
(3567, 1, 2) 5.001069739915006
(3587, 21, 2) 4.908319767472304
(3607, 41, 2) 4.974704738811111
(3627, 61, 2) 5.042134228769957
(3647, 81, 2) 4.930608410442451
(3667, 101, 2) 5.034502620390166
(3687, 121, 2) 4.919110244855608
(3707, 141, 2) 4.928491459138236
(3727, 161, 2) 4.9533683478187385
(3747, 181, 2) 4.999313325579292
(3767, 201, 2) 4.8241473916661075
(3787, 221, 2) 4.867181231944621
(3807, 241, 2) 4.8439283257689905
(3827, 261, 2) 4.9160284243583785
(3847, 281, 2) 4.907018973998571
(3867, 301, 2) 4.844179514410827
(3887, 321, 2) 4.869584562908869
(3907, 341, 2) 4.8281092437634
(3927, 361, 2) 4.824253203140262
(3947, 381, 2) 4.759000429101625
(3967, 401, 2) 4.7681710468026886
(3987, 421, 2) 4.780595122509535
(4007, 441, 2) 4.728114422909607
(4027, 461, 2) 4.815607898972971
(4047, 481, 2) 4.672852486104466
(4067, 501, 2) 4.77419849183814
(4087, 521, 2) 4.798187304113429
(4107, 541, 2) 4.844916382093701
(4127, 561, 2) 4.77612559404356
(4147, 581, 2) 4.759773187596528
(4167, 601, 2) 4.669230586627364
(4187, 621, 2) 4.695043403556949
(4207, 641, 2) 4.6474340000896355
(4227, 661, 2) 4.621456610392673
(4247, 681, 2) 4.739390690434755
(4267, 701, 2) 4.710348249444172
(4287, 721, 2) 4.656294582823234
(4307, 741, 2) 4.727424492745724
(4327, 761, 2) 4.679925652799388
(4347, 781, 2) 4.647656244723928
(4367, 801, 2) 4.650978051017797
(4387, 821, 2) 4.680799013448191
(4407, 841, 2) 4.542438977932237
(4427, 861, 2) 4.6300732699126455
(4447, 881, 2) 4.685317899980422
(4467, 901, 2) 4.61499380403069
(4487, 921, 2) 4.574848636691451
(4507, 941, 2) 4.565716805001172
(4527, 961, 2) 4.507639117341601
(4547, 981, 2) 4.5987517157181355
(4567, 1001, 2) 4.594971931944845
(4587, 1021, 2) 4.506417316396453
(4607, 1041, 2) 4.504667693491577
(4627, 1061, 2) 4.548229437575844
(4647, 1081, 2) 4.533836730559759
(4667, 1101, 2) 4.500410447372509
(4687, 1121, 2) 4.533426735220711
(4707, 1141, 2) 4.509111739975302
(4727, 1161, 2) 4.497168391156887
(4747, 1181, 2) 4.601344498943447
(4767, 1201, 2) 4.561153412852001
(4787, 1221, 2) 4.526496316764364
(4807, 1241, 2) 4.51180562617983
(4827, 1261, 2) 4.498405089098464
(4847, 1281, 2) 4.49205719673863
(4867, 1301, 2) 4.370444340155032
(4887, 1321, 2) 4.461673764803162
(4907, 1341, 2) 4.462079301755838
(4927, 1361, 2) 4.43814641215233
(4947, 1381, 2) 4.456380441568212
(4967, 1401, 2) 4.449310303971254
(4987, 1421, 2) 4.386659105853419
(5007, 1441, 2) 4.426379299470891
(5027, 1461, 2) 4.442290079946887
(5047, 1481, 2) 4.396173704040275
(5067, 1501, 2) 4.374519757148442
(5087, 1521, 2) 4.3880254828996845
(5107, 1541, 2) 4.343777018161464
(5127, 1561, 2) 4.310977171018683
(5147, 1581, 2) 4.517423561707701
(5167, 1601, 2) 4.380302295377502
(5187, 1621, 2) 4.33662454245318
(5207, 1641, 2) 4.344084990168911
(5227, 1661, 2) 4.29000647676379
(5247, 1681, 2) 4.326651873528378
(5267, 1701, 2) 4.264024406727816
(5287, 1721, 2) 4.27875479759283
(5307, 1741, 2) 4.347824573813283
(5327, 1761, 2) 4.317664017953616
(5347, 1781, 2) 4.247983099747687
(5367, 1801, 2) 4.222199127901999
(5387, 1821, 2) 4.327007748355525
(5407, 1841, 2) 4.331016193884882
(5427, 1861, 2) 4.231163835644249
(5447, 1881, 2) 4.262353879798943
(5467, 1901, 2) 4.285504975435275
(5487, 1921, 2) 4.172645381583479
(5507, 1941, 2) 4.1851971755265875
(5527, 1961, 2) 4.185344830825433
(5547, 1981, 2) 4.2778655243314985
(5567, 2001, 2) 4.264857901887021
(5587, 2021, 2) 4.236105787282307
(5607, 2041, 2) 4.178000586036127
(5627, 2061, 2) 4.245092497207781
(5647, 2081, 2) 4.159976494730365
(5667, 2101, 2) 4.25469545028337
(5687, 2121, 2) 4.296080624633178
(5707, 2141, 2) 4.207239829824044
(5727, 2161, 2) 4.193960563265396
(5747, 2181, 2) 4.154613597841235
(5767, 2201, 2) 4.117837888568288
(5787, 2221, 2) 4.197149427170054
(5807, 2241, 2) 4.232936493061408
(5827, 2261, 2) 4.092959353849368
(5847, 2281, 2) 4.161386150889458
(5867, 2301, 2) 4.111176476859403
(5887, 2321, 2) 4.128009052750199
(5907, 2341, 2) 4.181445359607228
(5927, 2361, 2) 4.119199312321831
(5947, 2381, 2) 4.0559247818129895
(5967, 2401, 2) 4.101822030229043
(5987, 2421, 2) 4.047094628123155
(6007, 2441, 2) 4.029481542653365
(6027, 2461, 2) 4.107395524138028
(6047, 2481, 2) 4.0656240605133425
(6067, 2501, 2) 4.062453885488535
(6087, 2521, 2) 4.067385321325526
(6107, 2541, 2) 4.1005710451461965
(6127, 2561, 2) 4.018791793243098
(6147, 2581, 2) 4.092328512396301
(6167, 2601, 2) 4.122141587805938
(6187, 2621, 2) 4.191996892271247
(6207, 2641, 2) 3.9564263127880013
(6227, 2661, 2) 4.106159599635594
(6247, 2681, 2) 4.057922190544187
(6267, 2701, 2) 4.1006648179404115
(6287, 2721, 2) 3.965287690647242
(6307, 2741, 2) 4.000379927383563
(6327, 2761, 2) 4.066710996874016
(6347, 2781, 2) 3.998565800132647
(6367, 2801, 2) 4.001615013843852
(6387, 2821, 2) 3.96723539042497
(6407, 2841, 2) 4.0890406721918
(6427, 2861, 2) 4.024243460037317
(6447, 2881, 2) 4.029111736599488
(6467, 2901, 2) 4.012150638832088
(6487, 2921, 2) 3.889569446937628
(6507, 2941, 2) 4.0577269326513505
(6527, 2961, 2) 3.9831492122831227
(6547, 2981, 2) 3.97062120037531
(6567, 3001, 2) 3.927259094073264
(6587, 3021, 2) 4.0398533959841
(6607, 3041, 2) 4.016565993179422
(6627, 3061, 2) 3.983432932654219
(6647, 3081, 2) 3.8671843765122054
(6667, 3101, 2) 3.8783834794863425
(6687, 3121, 2) 3.8769579886828383
(6707, 3141, 2) 3.9571138727061106
(6727, 3161, 2) 3.999187931869746
(6747, 3181, 2) 3.921068702734877
(6767, 3201, 2) 3.9957964759802103
(6787, 3221, 2) 3.9511203638272434
(6807, 3241, 2) 3.960699914444022
(6827, 3261, 2) 3.9560647052491738
(6847, 3281, 2) 3.9432561860931137
(6867, 3301, 2) 3.916487469329234
(6887, 3321, 2) 3.884846612357825
(6907, 3341, 2) 4.005476451487244
(6927, 3361, 2) 3.941857276815784
(6947, 3381, 2) 3.9129565408964395
(6967, 3401, 2) 3.9202485585378226
(6987, 3421, 2) 3.8646642420660817
(7007, 3441, 2) 3.763756530851542
(7027, 3461, 2) 3.9835611556202446
(7047, 3481, 2) 3.8831919682767064
(7067, 3501, 2) 3.8236380575714386
(7087, 3521, 2) 3.7917992967419183
(7107, 3541, 2) 3.822384482283643
(7127, 3561, 2) 3.8155743005393874
(7133, 1, 3) 3.808421459413561
(7153, 21, 3) 3.6781082754044463
(7173, 41, 3) 3.7568990487761504
(7193, 61, 3) 3.861319793964468
(7213, 81, 3) 3.704076675677032
(7233, 101, 3) 3.841895534570289
(7253, 121, 3) 3.683203574804228
(7273, 141, 3) 3.743682632327604
(7293, 161, 3) 3.7697957604297327
(7313, 181, 3) 3.8615624611689183
(7333, 201, 3) 3.663687551451207
(7353, 221, 3) 3.7031222846191207
(7373, 241, 3) 3.664456387715228
(7393, 261, 3) 3.760591956661327
(7413, 281, 3) 3.7364396473928148
(7433, 301, 3) 3.6631224613370663
(7453, 321, 3) 3.7328849923329193
(7473, 341, 3) 3.7081789774919356
(7493, 361, 3) 3.6876840946686342
(7513, 381, 3) 3.614313725117661
(7533, 401, 3) 3.6509109714040973
(7553, 421, 3) 3.6917456760388667
(7573, 441, 3) 3.64978018100767
(7593, 461, 3) 3.7272625281652885
(7613, 481, 3) 3.5580031023656615
(7633, 501, 3) 3.7059020059910326
(7653, 521, 3) 3.6979469799268565
(7673, 541, 3) 3.7895562526510274
(7693, 561, 3) 3.71605269463434
(7713, 581, 3) 3.7134574934148885
(7733, 601, 3) 3.631412142182447
(7753, 621, 3) 3.6532116748404087
(7773, 641, 3) 3.6085341720435173
(7793, 661, 3) 3.568964187477205
(7813, 681, 3) 3.7060294144850205
(7833, 701, 3) 3.6820842126114344
(7853, 721, 3) 3.63727048910694
(7873, 741, 3) 3.731804798920608
(7893, 761, 3) 3.6966415301655795
(7913, 781, 3) 3.650801384400649
(7933, 801, 3) 3.643238783174732
(7953, 821, 3) 3.6790645194280587
(7973, 841, 3) 3.53134502110327
(7993, 861, 3) 3.664784058711235
(8013, 881, 3) 3.702426633371528
(8033, 901, 3) 3.6619775285267773
(8053, 921, 3) 3.57841132814199
(8073, 941, 3) 3.5575810633588025
(8093, 961, 3) 3.5372132949621857
(8113, 981, 3) 3.646191490011392
(8133, 1001, 3) 3.635997933424464
(8153, 1021, 3) 3.559715110292654
(8173, 1041, 3) 3.5607200404997066
(8193, 1061, 3) 3.578126772283677
(8213, 1081, 3) 3.6461094571841484
(8233, 1101, 3) 3.588785936046217
(8253, 1121, 3) 3.615207823044249
(8273, 1141, 3) 3.609473298956361
(8293, 1161, 3) 3.5503528328494425
(8313, 1181, 3) 3.701431968807345
(8333, 1201, 3) 3.6354142381265424
(8353, 1221, 3) 3.664229831525342
(8373, 1241, 3) 3.6405436925092074
(8393, 1261, 3) 3.6411720196204116
(8413, 1281, 3) 3.614591723913075
(8433, 1301, 3) 3.457351060755182
(8453, 1321, 3) 3.61098469023866
(8473, 1341, 3) 3.6217711125028145
(8493, 1361, 3) 3.573359567009638
(8513, 1381, 3) 3.5971609364008863
(8533, 1401, 3) 3.5900812168232448
(8553, 1421, 3) 3.5420638570021317
(8573, 1441, 3) 3.5713061877703938
(8593, 1461, 3) 3.5834861826925284
(8613, 1481, 3) 3.5580333523323504
(8633, 1501, 3) 3.563928490360575
(8653, 1521, 3) 3.5556105974385495
(8673, 1541, 3) 3.538904870004513
(8693, 1561, 3) 3.4809326625452486
(8713, 1581, 3) 3.7222320999963197
(8733, 1601, 3) 3.598829241979857
(8753, 1621, 3) 3.5329423720167794
(8773, 1641, 3) 3.511430974546721
(8793, 1661, 3) 3.503177629763919
(8813, 1681, 3) 3.5308064010568807
(8833, 1701, 3) 3.4968743208624824
(8853, 1721, 3) 3.497505599937927
(8873, 1741, 3) 3.557428132255177
(8893, 1761, 3) 3.5210440041719644
(8913, 1781, 3) 3.4695198533969753
(8933, 1801, 3) 3.447849242108416
(8953, 1821, 3) 3.5457042068421165
(8973, 1841, 3) 3.5699642895788957
(8993, 1861, 3) 3.497017580118866
(9013, 1881, 3) 3.509199407816138
(9033, 1901, 3) 3.543425951225603
(9053, 1921, 3) 3.4259264730419177
(9073, 1941, 3) 3.4506223095106803
(9093, 1961, 3) 3.4432649573553133
(9113, 1981, 3) 3.5498504462360168
(9133, 2001, 3) 3.5402696453580282
(9153, 2021, 3) 3.507397515462413
(9173, 2041, 3) 3.4543984904873826
(9193, 2061, 3) 3.5332155212723313
(9213, 2081, 3) 3.472300417026357
(9233, 2101, 3) 3.5229201475505194
(9253, 2121, 3) 3.60266621932686
(9273, 2141, 3) 3.510750479306796
(9293, 2161, 3) 3.487799595775633
(9313, 2181, 3) 3.4579553903178373
(9333, 2201, 3) 3.3998213461497686
(9353, 2221, 3) 3.5134275506771737
(9373, 2241, 3) 3.5626970430755307
(9393, 2261, 3) 3.4314905490077017
(9413, 2281, 3) 3.507702832717304
(9433, 2301, 3) 3.4159563497748913
(9453, 2321, 3) 3.456991930486853
(9473, 2341, 3) 3.510296121144555
(9493, 2361, 3) 3.4661278775734177
(9513, 2381, 3) 3.4036294238065965
(9533, 2401, 3) 3.436330723588688
(9553, 2421, 3) 3.3755825461603486
(9573, 2441, 3) 3.4094846111059702
(9593, 2461, 3) 3.4656746094917934
(9613, 2481, 3) 3.4252062336967746
(9633, 2501, 3) 3.4297722168268336
(9653, 2521, 3) 3.456008666401116
(9673, 2541, 3) 3.47530804084291
(9693, 2561, 3) 3.4240857984705513
(9713, 2581, 3) 3.4577896709389564
(9733, 2601, 3) 3.514563004607633
(9753, 2621, 3) 3.572790347324972
(9773, 2641, 3) 3.3615117695586867
(9793, 2661, 3) 3.492593486660006
(9813, 2681, 3) 3.448260150486893
(9833, 2701, 3) 3.4733220507725506
(9853, 2721, 3) 3.3590653578823066
(9873, 2741, 3) 3.4043828684154698
(9893, 2761, 3) 3.4900704495319372
(9913, 2781, 3) 3.408825651566384
(9933, 2801, 3) 3.427094838247629
(9953, 2821, 3) 3.3784390626111205
(9973, 2841, 3) 3.4888405814905177
(9993, 2861, 3) 3.439175865752773
(10013, 2881, 3) 3.4197425928214864
(10033, 2901, 3) 3.443258043482781
(10053, 2921, 3) 3.3144492949649136
(10073, 2941, 3) 3.490850704057268
(10093, 2961, 3) 3.425739220181067
(10113, 2981, 3) 3.429472693917898
(10133, 3001, 3) 3.3659097755484537
(10153, 3021, 3) 3.508745377494601
(10173, 3041, 3) 3.4748533608272623
(10193, 3061, 3) 3.4304672797821354
(10213, 3081, 3) 3.304558495278169
(10233, 3101, 3) 3.3322673644688487
(10253, 3121, 3) 3.3272705317324403
(10273, 3141, 3) 3.39718481965984
(10293, 3161, 3) 3.4667281157695933
(10313, 3181, 3) 3.3752409889815835
(10333, 3201, 3) 3.447743363142758
(10353, 3221, 3) 3.418608706740487
(10373, 3241, 3) 3.4659511898920528
(10393, 3261, 3) 3.4642072377685116
(10413, 3281, 3) 3.403952763620869
(10433, 3301, 3) 3.410380001040484
(10453, 3321, 3) 3.389733094972022
(10473, 3341, 3) 3.510720586154296
(10493, 3361, 3) 3.4180362028654243
(10513, 3381, 3) 3.394992349439215
(10533, 3401, 3) 3.407454168491821
(10553, 3421, 3) 3.349771817684219
(10573, 3441, 3) 3.2482794048834576
(10593, 3461, 3) 3.485667662514215
(10613, 3481, 3) 3.3715512440116853
(10633, 3501, 3) 3.3376093112951346
(10653, 3521, 3) 3.3007328815667316
(10673, 3541, 3) 3.3368006860333574
(10693, 3561, 3) 3.3222935523377215
(10699, 1, 4) 3.432953406397081
(10719, 21, 4) 3.241763206365124
(10739, 41, 4) 3.3116862150640074
(10759, 61, 4) 3.420380041670348
(10779, 81, 4) 3.252934427267367
(10799, 101, 4) 3.4012418979378913
(10819, 121, 4) 3.2037547427770967
(10839, 141, 4) 3.293002568748533
(10859, 161, 4) 3.3119158554517183
(10879, 181, 4) 3.422837578316001
(10899, 201, 4) 3.212497705834185
(10919, 221, 4) 3.270982208304045
(10939, 241, 4) 3.236007492156228
(10959, 261, 4) 3.3349528732568388
(10979, 281, 4) 3.305832668788439
(10999, 301, 4) 3.236256389811621
(11019, 321, 4) 3.309561683571604
(11039, 341, 4) 3.2931380943474253
(11059, 361, 4) 3.26722077949783
(11079, 381, 4) 3.177081328663256
(11099, 401, 4) 3.2191837851241885
(11119, 421, 4) 3.273462565191278
(11139, 441, 4) 3.236844501218427
(11159, 461, 4) 3.3225031753166228
(11179, 481, 4) 3.138662378905635
(11199, 501, 4) 3.297273636273976
(11219, 521, 4) 3.2936655386914757
(11239, 541, 4) 3.37790102573902
(11259, 561, 4) 3.2981670808663424
(11279, 581, 4) 3.3240939322633545
(11299, 601, 4) 3.236559954621915
(11319, 621, 4) 3.2594037580081467
(11339, 641, 4) 3.2240044364064504
(11359, 661, 4) 3.1810941049669603
(11379, 681, 4) 3.31431706135875
(11399, 701, 4) 3.273579941268661
(11419, 721, 4) 3.237450894859375
(11439, 741, 4) 3.349541185205377
(11459, 761, 4) 3.2915623352166508
(11479, 781, 4) 3.267703239705901
(11499, 801, 4) 3.2539248833435486
(11519, 821, 4) 3.2824693413496098
(11539, 841, 4) 3.132297631555047
(11559, 861, 4) 3.2620763743307912
(11579, 881, 4) 3.302051832674745
(11599, 901, 4) 3.3015810264380283
(11619, 921, 4) 3.1931016102446823
(11639, 941, 4) 3.1845841926510245
(11659, 961, 4) 3.1561602525298706
(11679, 981, 4) 3.273488452745106
(11699, 1001, 4) 3.2308086879167695
(11719, 1021, 4) 3.1875839146560665
(11739, 1041, 4) 3.1901402280049203
(11759, 1061, 4) 3.1916219707694826
(11779, 1081, 4) 3.275358089973344
(11799, 1101, 4) 3.21832439796177
(11819, 1121, 4) 3.240191512404242
(11839, 1141, 4) 3.2138117470046694
(11859, 1161, 4) 3.1798372461468625
(11879, 1181, 4) 3.353517269573895
(11899, 1201, 4) 3.267328409379986
(11919, 1221, 4) 3.317569449164761
(11939, 1241, 4) 3.2840776425625178
(11959, 1261, 4) 3.28981511021318
(11979, 1281, 4) 3.2657758280067872
(11999, 1301, 4) 3.0813839492507165
(12019, 1321, 4) 3.2662533669384914
(12039, 1341, 4) 3.260443069826958
(12059, 1361, 4) 3.205935143065794
(12079, 1381, 4) 3.2319106359122145
(12099, 1401, 4) 3.2424112726946226
(12119, 1421, 4) 3.190159527617017
(12139, 1441, 4) 3.206611907623852
(12159, 1461, 4) 3.230919705968661
(12179, 1481, 4) 3.208514587606777
(12199, 1501, 4) 3.234281912353044
(12219, 1521, 4) 3.1984415408802453
(12239, 1541, 4) 3.1749619764539982
(12259, 1561, 4) 3.130751251224526
(12279, 1581, 4) 3.3704309821991614
(12299, 1601, 4) 3.2509138666912896
(12319, 1621, 4) 3.176548177208822
(12339, 1641, 4) 3.1656278049348456
(12359, 1661, 4) 3.171207753625764
(12379, 1681, 4) 3.18556111879977
(12399, 1701, 4) 3.156059350970767
(12419, 1721, 4) 3.14721135443091
(12439, 1741, 4) 3.203374128178594
(12459, 1761, 4) 3.1745126466870492
(12479, 1781, 4) 3.139634738406637
(12499, 1801, 4) 3.0982135313172336
(12519, 1821, 4) 3.21323094404392
(12539, 1841, 4) 3.224080961839389
(12559, 1861, 4) 3.17881937314505
(12579, 1881, 4) 3.190209586791468
(12599, 1901, 4) 3.2163554122092606
(12619, 1921, 4) 3.104313446029544
(12639, 1941, 4) 3.122034036556839
(12659, 1961, 4) 3.1307361049736673
(12679, 1981, 4) 3.236729465703065
(12699, 2001, 4) 3.2276615922423844
(12719, 2021, 4) 3.171929140847102
(12739, 2041, 4) 3.1371478225594585
(12759, 2061, 4) 3.2043432334699915
(12779, 2081, 4) 3.1344011795503524
(12799, 2101, 4) 3.22242827211414
(12819, 2121, 4) 3.287604217002822
(12839, 2141, 4) 3.177486312091876
(12859, 2161, 4) 3.1681301954021395
(12879, 2181, 4) 3.140166320887795
(12899, 2201, 4) 3.0617811638303283
(12919, 2221, 4) 3.2116138775209535
(12939, 2241, 4) 3.2610137923704
(12959, 2261, 4) 3.13026536486593
(12979, 2281, 4) 3.211555609854493
(12999, 2301, 4) 3.0791950451698837
(13019, 2321, 4) 3.1523850209050335
(13039, 2341, 4) 3.2193951643574152
(13059, 2361, 4) 3.1503098527488307
(13079, 2381, 4) 3.0832437284800145
(13099, 2401, 4) 3.118576697345296
(13119, 2421, 4) 3.0656796128971946
(13139, 2441, 4) 3.1069650592993776
(13159, 2461, 4) 3.164980870992904
(13179, 2481, 4) 3.115134112438734
(13199, 2501, 4) 3.1225614687870276
(13219, 2521, 4) 3.16435536129514
(13239, 2541, 4) 3.1833650677857093
(13259, 2561, 4) 3.122224011953471
(13279, 2581, 4) 3.1449980212256827
(13299, 2601, 4) 3.2159666411515766
(13319, 2621, 4) 3.295842636614632
(13339, 2641, 4) 3.0613475235383607
(13359, 2661, 4) 3.188134726353263
(13379, 2681, 4) 3.16272453392216
(13399, 2701, 4) 3.1815792240903433
(13419, 2721, 4) 3.058569757528626
(13439, 2741, 4) 3.1094445810533626
(13459, 2761, 4) 3.19449801771499
(13479, 2781, 4) 3.1248587660832077
(13499, 2801, 4) 3.1404348775775786
(13519, 2821, 4) 3.0830021810545905
(13539, 2841, 4) 3.190826520394435
(13559, 2861, 4) 3.1449465749782797
(13579, 2881, 4) 3.1203185871080317
(13599, 2901, 4) 3.153831405213344
(13619, 2921, 4) 3.030300866535908
(13639, 2941, 4) 3.219924866343436
(13659, 2961, 4) 3.139116600757459
(13679, 2981, 4) 3.151779394079087
(13699, 3001, 4) 3.075599065180456
(13719, 3021, 4) 3.2186292384889157
(13739, 3041, 4) 3.1704184591026006
(13759, 3061, 4) 3.1503584072086834
(13779, 3081, 4) 3.0120840142962098
(13799, 3101, 4) 3.064922489836417
(13819, 3121, 4) 3.0330067674343395
(13839, 3141, 4) 3.1090116851702105
(13859, 3161, 4) 3.1821256725589246
(13879, 3181, 4) 3.0890347988295597
(13899, 3201, 4) 3.1698694526828284
(13919, 3221, 4) 3.1354868727742544
(13939, 3241, 4) 3.217404272204669
(13959, 3261, 4) 3.2041007206682517
(13979, 3281, 4) 3.1058756603250974
(13999, 3301, 4) 3.1160480940321227
(14019, 3321, 4) 3.124465343990173
(14039, 3341, 4) 3.222086400540237
(14059, 3361, 4) 3.1407386829034563
(14079, 3381, 4) 3.126078450902335
(14099, 3401, 4) 3.1374873128576564
(14119, 3421, 4) 3.079060719798822
(14139, 3441, 4) 2.956880873899154
(14159, 3461, 4) 3.214352709380119
(14179, 3481, 4) 3.1133411207837143
(14199, 3501, 4) 3.0815719847110556
(14219, 3521, 4) 3.0100281013755685
(14239, 3541, 4) 3.0718892591201987
(14259, 3561, 4) 3.07786891633523
