(1, 1, 1) 153.1240457347316
(51, 51, 1) 95.72101913558376
(101, 101, 1) 94.68625253988135
(151, 151, 1) 94.06739544291786
(201, 201, 1) 93.43056942127063
(251, 251, 1) 93.29175803636271
(301, 301, 1) 92.966179144238
(351, 351, 1) 96.814223248783
(401, 401, 1) 95.00639920677771
(451, 451, 1) 97.64590740147405
(501, 501, 1) 97.574312805472
(551, 551, 1) 100.08254028068659
(601, 601, 1) 102.40092482728133
(651, 651, 1) 102.08240829596846
(701, 701, 1) 101.2848777657595
(751, 751, 1) 102.1002088313874
(801, 801, 1) 102.75560631806586
(851, 851, 1) 102.04412724957484
(901, 901, 1) 101.90562311052035
(951, 951, 1) 102.88867629181067
(1001, 1001, 1) 100.90830594446317
(1051, 1051, 1) 100.73189232122265
(1101, 1101, 1) 100.45369354555778
(1151, 1151, 1) 101.83539554338196
(1201, 1201, 1) 101.77644220152543
(1251, 1251, 1) 102.13006482936163
(1301, 1301, 1) 102.0916495699632
(1351, 1351, 1) 102.66321762968155
(1401, 1401, 1) 103.64481214713874
(1451, 1451, 1) 103.06731481688854
(1501, 1501, 1) 102.69865649571089
(1551, 1551, 1) 104.19781669691376
(1601, 1601, 1) 104.90568076839352
(1651, 1651, 1) 104.79804810324757
(1701, 1701, 1) 103.64391545249728
(1751, 1751, 1) 105.10490960420478
(1801, 1801, 1) 104.23178171807416
(1851, 1851, 1) 105.14829990414717
(1901, 1901, 1) 104.42159949400151
(1951, 1951, 1) 105.59902721568987
(2001, 2001, 1) 105.99550895953993
(2051, 2051, 1) 106.03599244515537
(2101, 2101, 1) 106.36882888993634
(2151, 2151, 1) 105.12439867777852
(2201, 2201, 1) 107.0657415110715
(2251, 2251, 1) 104.83915282156933
(2301, 2301, 1) 105.36109792507403
(2351, 2351, 1) 105.86062652506779
(2401, 2401, 1) 104.32818085719818
(2451, 2451, 1) 105.37156700659683
(2501, 2501, 1) 105.2132800851945
(2551, 2551, 1) 106.44866997094252
(2601, 2601, 1) 105.21651930246557
(2651, 2651, 1) 105.39699020988428
(2701, 2701, 1) 106.77060292031331
(2751, 2751, 1) 106.23640535516813
(2801, 2801, 1) 105.92587252396619
(2851, 2851, 1) 106.26272954152483
(2901, 2901, 1) 106.10516044294287
(2951, 2951, 1) 106.4277277962855
(3001, 3001, 1) 105.75640439219899
(3051, 3051, 1) 106.5137103476242
(3101, 3101, 1) 106.98759957613825
(3151, 3151, 1) 106.33207478602776
(3201, 3201, 1) 106.26461893514302
(3251, 3251, 1) 107.89138223515963
(3301, 3301, 1) 107.17243423960305
(3351, 3351, 1) 108.13670425006895
(3401, 3401, 1) 107.56800689804018
(3451, 3451, 1) 106.90411694478453
(3501, 3501, 1) 107.73829459057507
(3551, 3551, 1) 107.46147034469156
(3567, 1, 2) 108.27426396588251
(3617, 51, 2) 106.26934200185786
(3667, 101, 2) 108.58613602196927
(3717, 151, 2) 107.22261708555912
(3767, 201, 2) 107.82296479164998
(3817, 251, 2) 108.40260718714958
(3867, 301, 2) 109.18591500984743
(3917, 351, 2) 108.09569254713995
(3967, 401, 2) 108.20242781760388
(4017, 451, 2) 108.19167481062416
(4067, 501, 2) 108.4821208751492
(4117, 551, 2) 109.17324093112188
(4167, 601, 2) 109.49163690915661
(4217, 651, 2) 110.19089145719235
(4267, 701, 2) 109.2251878421007
(4317, 751, 2) 108.65897581569888
(4367, 801, 2) 108.89088796922672
(4417, 851, 2) 107.45691107143418
(4467, 901, 2) 109.92543992434662
(4517, 951, 2) 108.26352804515477
(4567, 1001, 2) 109.31093335495203
(4617, 1051, 2) 109.2885002448968
(4667, 1101, 2) 109.40754627268282
(4717, 1151, 2) 108.56146552576435
(4767, 1201, 2) 109.45129037592423
(4817, 1251, 2) 108.83430581555541
(4867, 1301, 2) 109.38701760092881
(4917, 1351, 2) 109.35276725131992
(4967, 1401, 2) 107.77213523915063
(5017, 1451, 2) 108.80219620395302
(5067, 1501, 2) 109.53845272457633
(5117, 1551, 2) 108.61715472622355
(5167, 1601, 2) 109.33354410201883
(5217, 1651, 2) 108.85858613543455
(5267, 1701, 2) 108.76878788760132
(5317, 1751, 2) 109.17384408712036
(5367, 1801, 2) 108.46873902842378
(5417, 1851, 2) 109.42917297375689
(5467, 1901, 2) 108.83535706803272
(5517, 1951, 2) 108.5431392815032
(5567, 2001, 2) 108.59376861687095
(5617, 2051, 2) 109.20436105272508
(5667, 2101, 2) 107.99259583372606
(5717, 2151, 2) 108.12018415703518
(5767, 2201, 2) 109.64377572772898
(5817, 2251, 2) 108.87973489809303
(5867, 2301, 2) 109.18574929694661
(5917, 2351, 2) 108.69617218850487
(5967, 2401, 2) 108.59444908528823
(6017, 2451, 2) 108.66069407006431
(6067, 2501, 2) 107.08210718300589
(6117, 2551, 2) 108.05131361168515
(6167, 2601, 2) 109.41493556869378
(6217, 2651, 2) 108.7790050059693
(6267, 2701, 2) 109.11249034892995
(6317, 2751, 2) 108.26644642303107
(6367, 2801, 2) 108.580677118392
(6417, 2851, 2) 108.44550358459007
(6467, 2901, 2) 108.35484458655615
(6517, 2951, 2) 109.4334499883451
(6567, 3001, 2) 109.0145095804004
(6617, 3051, 2) 108.05961166892962
(6667, 3101, 2) 106.66903515966243
(6717, 3151, 2) 107.97520364695254
(6767, 3201, 2) 107.64546742386776
(6817, 3251, 2) 107.87827253465379
(6867, 3301, 2) 107.95045451849403
(6917, 3351, 2) 106.98137593758379
(6967, 3401, 2) 107.3788037715176
(7017, 3451, 2) 107.99278480067188
(7067, 3501, 2) 107.06718160493872
(7117, 3551, 2) 109.12302749785674
(7133, 1, 3) 108.67690161193998
(7183, 51, 3) 106.08125093305361
(7233, 101, 3) 108.24520151854391
(7283, 151, 3) 108.69486310073974
(7333, 201, 3) 108.37019372433465
(7383, 251, 3) 106.77909049842555
(7433, 301, 3) 107.20494277247226
(7483, 351, 3) 107.49077089114562
(7533, 401, 3) 109.24247427755544
(7583, 451, 3) 107.48954418929551
(7633, 501, 3) 108.5927819693286
(7683, 551, 3) 107.84632841605415
(7733, 601, 3) 108.35231512934621
(7783, 651, 3) 108.03449250504673
(7833, 701, 3) 107.20601732109996
(7883, 751, 3) 108.17528838199084
(7933, 801, 3) 108.18717942701758
(7983, 851, 3) 107.13101782958023
(8033, 901, 3) 107.26605091018054
(8083, 951, 3) 105.95090492143667
(8133, 1001, 3) 107.58933431272564
(8183, 1051, 3) 108.14831326965749
(8233, 1101, 3) 108.31101954805294
(8283, 1151, 3) 107.4412289696245
(8333, 1201, 3) 108.26878942621686
(8383, 1251, 3) 107.82547474271696
(8433, 1301, 3) 106.76411522241733
(8483, 1351, 3) 108.09204061683452
(8533, 1401, 3) 107.74509752973506
(8583, 1451, 3) 107.75634912992763
(8633, 1501, 3) 108.54358544867695
(8683, 1551, 3) 106.62179090208049
(8733, 1601, 3) 106.06820828246362
(8783, 1651, 3) 105.99652659666494
(8833, 1701, 3) 107.05161386360342
(8883, 1751, 3) 106.91362339583279
(8933, 1801, 3) 106.53132807270052
(8983, 1851, 3) 107.08062031847982
(9033, 1901, 3) 106.95057521559826
(9083, 1951, 3) 106.81200465245426
(9133, 2001, 3) 105.86319314722205
(9183, 2051, 3) 106.99911118850409
(9233, 2101, 3) 106.38825596424314
(9283, 2151, 3) 107.61546120408786
(9333, 2201, 3) 108.52751034433248
(9383, 2251, 3) 108.37456477989394
(9433, 2301, 3) 106.34860908215795
(9483, 2351, 3) 106.93724917177174
(9533, 2401, 3) 106.51025025602141
(9583, 2451, 3) 107.13361179196495
(9633, 2501, 3) 105.3869933380682
(9683, 2551, 3) 106.97996066609836
(9733, 2601, 3) 106.06533339272706
(9783, 2651, 3) 106.65231805700424
(9833, 2701, 3) 107.05404592324112
(9883, 2751, 3) 107.65102276478733
(9933, 2801, 3) 106.9893727058144
(9983, 2851, 3) 106.69158825952113
(10033, 2901, 3) 106.24930093493782
(10083, 2951, 3) 106.22725711137534
(10133, 3001, 3) 107.57875686706451
(10183, 3051, 3) 105.73149364216246
(10233, 3101, 3) 105.52441600325629
(10283, 3151, 3) 107.07817638300033
(10333, 3201, 3) 107.07536149679785
(10383, 3251, 3) 106.59154121352258
(10433, 3301, 3) 108.07783683700193
(10483, 3351, 3) 105.8757576239595
(10533, 3401, 3) 106.07412633067517
(10583, 3451, 3) 106.58469010277388
(10633, 3501, 3) 106.82336743590966
(10683, 3551, 3) 106.15859808028362
(10699, 1, 4) 106.51124831330065
(10749, 51, 4) 106.34232779351936
(10799, 101, 4) 107.47534768255345
(10849, 151, 4) 105.40513339660691
(10899, 201, 4) 105.17027121789542
(10949, 251, 4) 106.86532569811435
(10999, 301, 4) 106.87879649878246
(11049, 351, 4) 107.73196609754311
(11099, 401, 4) 106.36832705787054
(11149, 451, 4) 106.20976743248188
(11199, 501, 4) 106.6983540339032
(11249, 551, 4) 106.55264576502171
(11299, 601, 4) 107.24730727780238
(11349, 651, 4) 105.7831095012641
(11399, 701, 4) 108.34451443598121
(11449, 751, 4) 107.82399905285098
(11499, 801, 4) 106.6058247538095
(11549, 851, 4) 106.4406695334784
(11599, 901, 4) 106.06676677250555
(11649, 951, 4) 107.01112640575526
(11699, 1001, 4) 107.98752837472885
(11749, 1051, 4) 107.45539752825232
(11799, 1101, 4) 106.82869976564825
(11849, 1151, 4) 106.37973084687444
(11899, 1201, 4) 106.6777652696581
(11949, 1251, 4) 107.13499987538134
(11999, 1301, 4) 106.61608890677505
(12049, 1351, 4) 106.92626957500255
(12099, 1401, 4) 106.66886628178969
(12149, 1451, 4) 105.64853312171259
(12199, 1501, 4) 107.38611432119043
(12249, 1551, 4) 106.06781484577637
(12299, 1601, 4) 105.26053867893393
(12349, 1651, 4) 105.42807792877647
(12399, 1701, 4) 106.23579341128567
(12449, 1751, 4) 106.10105114573778
(12499, 1801, 4) 105.2074926342975
(12549, 1851, 4) 106.09421227696654
(12599, 1901, 4) 106.75180556327844
(12649, 1951, 4) 106.15054221599654
(12699, 2001, 4) 104.42077962596603
(12749, 2051, 4) 105.78559155509717
(12799, 2101, 4) 106.72266828069363
(12849, 2151, 4) 106.87572894701854
(12899, 2201, 4) 106.74135150312237
(12949, 2251, 4) 106.93150092362514
(12999, 2301, 4) 107.66430572918685
(13049, 2351, 4) 107.78934049495297
(13099, 2401, 4) 107.58554856603078
(13149, 2451, 4) 106.80866884929418
(13199, 2501, 4) 107.49509224211639
(13249, 2551, 4) 106.77203535164074
(13299, 2601, 4) 106.18094377239048
(13349, 2651, 4) 106.51695451241045
(13399, 2701, 4) 106.32593612385253
(13449, 2751, 4) 106.40275623168789
(13499, 2801, 4) 106.37650772695761
(13549, 2851, 4) 105.94927290273498
(13599, 2901, 4) 107.52500409191151
(13649, 2951, 4) 105.59881863454004
(13699, 3001, 4) 107.62508679087041
(13749, 3051, 4) 105.92146937336346
(13799, 3101, 4) 107.37855514992424
(13849, 3151, 4) 107.5874273721013
(13899, 3201, 4) 107.11811839148136
(13949, 3251, 4) 105.40242927277126
(13999, 3301, 4) 106.40305301241837
(14049, 3351, 4) 106.09035243267742
(14099, 3401, 4) 105.29674592195626
(14149, 3451, 4) 106.26262518125682
(14199, 3501, 4) 105.65430727654169
(14249, 3551, 4) 105.90059167162174
