(1, 1, 1) 21.306899350929008
(51, 51, 1) 31.437879533832447
(101, 101, 1) 19.59435653555245
(151, 151, 1) 31.435459606243622
(201, 201, 1) 21.32723686123313
(251, 251, 1) 21.32723686123313
(301, 301, 1) 32.88568524392941
(351, 351, 1) 33.720638246723055
(401, 401, 1) 26.009493669294425
(451, 451, 1) 21.32723686123313
(501, 501, 1) 21.329596003809563
(551, 551, 1) 21.32251774840774
(601, 601, 1) 21.489041236550406
(651, 651, 1) 21.5994426410764
(701, 701, 1) 22.022293164475883
(751, 751, 1) 23.51625223629392
(801, 801, 1) 25.563275168126598
(851, 851, 1) 24.451592627320487
(901, 901, 1) 26.074350801228213
(951, 951, 1) 30.396247901505944
(1001, 1001, 1) 32.17864043768261
(1051, 1051, 1) 34.14970700464279
(1101, 1101, 1) 34.575817361727566
(1151, 1151, 1) 35.13953529757447
(1201, 1201, 1) 34.63337452189279
(1251, 1251, 1) 35.184955310260165
(1301, 1301, 1) 35.84756062866081
(1351, 1351, 1) 34.934884490654206
(1401, 1401, 1) 35.037002159456016
(1451, 1451, 1) 35.66864189669226
(1501, 1501, 1) 35.93404245167069
(1551, 1551, 1) 36.06185607954945
(1601, 1601, 1) 36.06237405278287
(1651, 1651, 1) 35.72278656353902
(1701, 1701, 1) 35.779509351630345
(1751, 1751, 1) 36.0643587216807
(1801, 1801, 1) 35.67647754227903
(1851, 1851, 1) 35.75110762027136
(1901, 1901, 1) 35.384529602251334
(1951, 1951, 1) 36.356151908307744
(2001, 2001, 1) 35.55921816227931
(2051, 2051, 1) 36.1659710127543
(2101, 2101, 1) 34.95684087968821
(2151, 2151, 1) 36.15652221690319
(2201, 2201, 1) 35.49268734581183
(2251, 2251, 1) 36.46757467271967
(2301, 2301, 1) 35.84010871879561
(2351, 2351, 1) 36.39693247935511
(2401, 2401, 1) 36.68583903740297
(2451, 2451, 1) 36.80373061596786
(2501, 2501, 1) 37.42816032356392
(2551, 2551, 1) 37.49600992667427
(2601, 2601, 1) 37.00001755749746
(2651, 2651, 1) 37.236255885179496
(2701, 2701, 1) 37.26172326860275
(2751, 2751, 1) 37.2631823799616
(2801, 2801, 1) 36.22677092812263
(2851, 2851, 1) 37.627439263416655
(2901, 2901, 1) 36.71391446313424
(2951, 2951, 1) 37.233101523965935
(3001, 3001, 1) 37.80249757437582
(3051, 3051, 1) 36.398269791068785
(3101, 3101, 1) 36.9016944666035
(3151, 3151, 1) 38.019852527767554
(3201, 3201, 1) 37.91541379805924
(3251, 3251, 1) 37.59490308237159
(3301, 3301, 1) 38.504312354223366
(3351, 3351, 1) 37.93165090633917
(3401, 3401, 1) 38.54710047700889
(3451, 3451, 1) 38.74523491055611
(3501, 3501, 1) 38.64166979833869
(3551, 3551, 1) 38.36184620061115
(3567, 1, 2) 39.357080780631435
(3617, 51, 2) 38.88180001030449
(3667, 101, 2) 39.2998221131627
(3717, 151, 2) 38.791791373350726
(3767, 201, 2) 39.051578341387696
(3817, 251, 2) 40.74525409166388
(3867, 301, 2) 40.40545555545885
(3917, 351, 2) 39.949559030385736
(3967, 401, 2) 40.33179913478776
(4017, 451, 2) 41.34967858719624
(4067, 501, 2) 40.373147595864886
(4117, 551, 2) 41.861330851913245
(4167, 601, 2) 40.494555047684884
(4217, 651, 2) 41.697487969861704
(4267, 701, 2) 40.869316657349586
(4317, 751, 2) 42.33479907990642
(4367, 801, 2) 43.11686640014943
(4417, 851, 2) 41.90494262232535
(4467, 901, 2) 42.755470345255006
(4517, 951, 2) 43.149690637495986
(4567, 1001, 2) 43.58116309580503
(4617, 1051, 2) 42.84217973413803
(4667, 1101, 2) 43.55534020270355
(4717, 1151, 2) 44.63477641445285
(4767, 1201, 2) 45.04658377856277
(4817, 1251, 2) 44.583519349075665
(4867, 1301, 2) 44.85349077551479
(4917, 1351, 2) 44.692406538500734
(4967, 1401, 2) 46.457777016267755
(5017, 1451, 2) 45.81484572115581
(5067, 1501, 2) 44.99973764546109
(5117, 1551, 2) 46.073699057721925
(5167, 1601, 2) 46.612049390897646
(5217, 1651, 2) 46.151599641023694
(5267, 1701, 2) 47.901374381386965
(5317, 1751, 2) 46.11761407204458
(5367, 1801, 2) 47.076446810448374
(5417, 1851, 2) 45.698259643615934
(5467, 1901, 2) 47.662094049727976
(5517, 1951, 2) 47.473444157580055
(5567, 2001, 2) 47.73363179742205
(5617, 2051, 2) 48.51163108200016
(5667, 2101, 2) 47.072857504220195
(5717, 2151, 2) 47.236683799533076
(5767, 2201, 2) 48.05150931463838
(5817, 2251, 2) 47.39319911517205
(5867, 2301, 2) 48.139883847375664
(5917, 2351, 2) 48.23825093506339
(5967, 2401, 2) 48.046720706212675
(6017, 2451, 2) 49.55213039278622
(6067, 2501, 2) 49.813434493746456
(6117, 2551, 2) 48.48058302022869
(6167, 2601, 2) 50.78821854903358
(6217, 2651, 2) 49.267919248685935
(6267, 2701, 2) 49.30059878245876
(6317, 2751, 2) 49.70596397834565
(6367, 2801, 2) 50.604918914479946
(6417, 2851, 2) 49.247815111841284
(6467, 2901, 2) 50.74644915884912
(6517, 2951, 2) 49.26447945782271
(6567, 3001, 2) 50.61499188518417
(6617, 3051, 2) 50.45283999758462
(6667, 3101, 2) 51.09843516698558
(6717, 3151, 2) 51.31016500975606
(6767, 3201, 2) 50.517679222292585
(6817, 3251, 2) 50.0438561225501
(6867, 3301, 2) 51.475823137228495
(6917, 3351, 2) 52.08274106201307
(6967, 3401, 2) 49.69041288749019
(7017, 3451, 2) 49.91740402853663
(7067, 3501, 2) 50.05930658821398
(7117, 3551, 2) 50.98857303308591
(7133, 1, 3) 49.505140734935416
(7183, 51, 3) 51.43333672264507
(7233, 101, 3) 52.37669074379496
(7283, 151, 3) 51.96622078178086
(7333, 201, 3) 53.181927364997364
(7383, 251, 3) 53.39531237257147
(7433, 301, 3) 53.138187375308895
(7483, 351, 3) 53.00564450344714
(7533, 401, 3) 53.39742977107178
(7583, 451, 3) 50.25620365145681
(7633, 501, 3) 51.98396365193659
(7683, 551, 3) 52.62034555030649
(7733, 601, 3) 51.509303169885015
(7783, 651, 3) 52.41223651812379
(7833, 701, 3) 51.28358607506161
(7883, 751, 3) 52.019915406844
(7933, 801, 3) 52.27571372076573
(7983, 851, 3) 51.646814649939245
(8033, 901, 3) 51.60013483465657
(8083, 951, 3) 53.76927135107281
(8133, 1001, 3) 53.04289999515377
(8183, 1051, 3) 53.30479564850101
(8233, 1101, 3) 53.23772575076787
(8283, 1151, 3) 53.23047691056713
(8333, 1201, 3) 53.313361721627196
(8383, 1251, 3) 53.60230861492718
(8433, 1301, 3) 53.87840438615662
(8483, 1351, 3) 53.96975767789307
(8533, 1401, 3) 54.38610942057915
(8583, 1451, 3) 52.92572057319925
(8633, 1501, 3) 54.95174719889049
(8683, 1551, 3) 52.84838358137771
(8733, 1601, 3) 53.98525616081642
(8783, 1651, 3) 54.105274532711356
(8833, 1701, 3) 53.704809640449625
(8883, 1751, 3) 54.58955178755026
(8933, 1801, 3) 54.86355222168547
(8983, 1851, 3) 54.09045205823399
(9033, 1901, 3) 53.23675235970199
(9083, 1951, 3) 54.71945136883567
(9133, 2001, 3) 55.188056003383814
(9183, 2051, 3) 54.08769918907552
(9233, 2101, 3) 53.175977010443255
(9283, 2151, 3) 55.0685373339558
(9333, 2201, 3) 53.84633444645208
(9383, 2251, 3) 54.68533796703995
(9433, 2301, 3) 54.961858248321604
(9483, 2351, 3) 54.883410344748384
(9533, 2401, 3) 54.734449702317036
(9583, 2451, 3) 55.0477282238921
(9633, 2501, 3) 54.62398897396257
(9683, 2551, 3) 55.96668722980538
(9733, 2601, 3) 55.0321953430744
(9783, 2651, 3) 55.056793530776616
(9833, 2701, 3) 54.97369072084548
(9883, 2751, 3) 55.54222230140068
(9933, 2801, 3) 55.53622634452632
(9983, 2851, 3) 54.72152595810936
(10033, 2901, 3) 55.45881433099478
(10083, 2951, 3) 54.56395860596635
(10133, 3001, 3) 54.75503403555586
(10183, 3051, 3) 54.9550590196479
(10233, 3101, 3) 54.9111431560624
(10283, 3151, 3) 54.94966455115933
(10333, 3201, 3) 55.914629155399794
(10383, 3251, 3) 55.376951239180435
(10433, 3301, 3) 53.852632981144936
(10483, 3351, 3) 56.713781153356976
(10533, 3401, 3) 55.57822985005431
(10583, 3451, 3) 55.57012053051091
(10633, 3501, 3) 56.06558269690459
(10683, 3551, 3) 56.54562107352697
(10699, 1, 4) 56.247296851401465
(10749, 51, 4) 55.78249562587704
(10799, 101, 4) 55.14903881832737
(10849, 151, 4) 56.20757431086009
(10899, 201, 4) 55.346666568347125
(10949, 251, 4) 55.66881173796012
(10999, 301, 4) 55.80778368331368
(11049, 351, 4) 55.291957394647525
(11099, 401, 4) 56.662252878223875
(11149, 451, 4) 55.71960956298649
(11199, 501, 4) 55.441424552024465
(11249, 551, 4) 56.40574869388703
(11299, 601, 4) 55.684054511517836
(11349, 651, 4) 56.86865269066968
(11399, 701, 4) 55.52785462107702
(11449, 751, 4) 56.397599247813076
(11499, 801, 4) 55.087387173325396
(11549, 851, 4) 55.50780571713306
(11599, 901, 4) 55.36726257547912
(11649, 951, 4) 55.03364637643511
(11699, 1001, 4) 55.875377688160825
(11749, 1051, 4) 56.187444023814884
(11799, 1101, 4) 56.78338484457663
(11849, 1151, 4) 56.832255273622835
(11899, 1201, 4) 56.62818041351269
(11949, 1251, 4) 56.376439137530966
(11999, 1301, 4) 55.46097368983979
(12049, 1351, 4) 55.6699126549817
(12099, 1401, 4) 57.05243602268284
(12149, 1451, 4) 57.361517725976796
(12199, 1501, 4) 57.46351440504001
(12249, 1551, 4) 56.39718131630392
(12299, 1601, 4) 56.907353900046495
(12349, 1651, 4) 56.924381865228234
(12399, 1701, 4) 56.19629048098411
(12449, 1751, 4) 56.36338879648306
(12499, 1801, 4) 56.12542279795875
(12549, 1851, 4) 56.20354519884293
(12599, 1901, 4) 55.99349086335218
(12649, 1951, 4) 56.24909835613019
(12699, 2001, 4) 56.45259362428919
(12749, 2051, 4) 57.29372673293975
(12799, 2101, 4) 55.76666988597998
(12849, 2151, 4) 56.02278122935412
(12899, 2201, 4) 56.83760892452072
(12949, 2251, 4) 57.108536324732825
(12999, 2301, 4) 57.21886806662222
(13049, 2351, 4) 56.300626477446784
(13099, 2401, 4) 56.66418037944793
(13149, 2451, 4) 56.48899324165657
(13199, 2501, 4) 56.12116821381462
(13249, 2551, 4) 56.82882733567062
(13299, 2601, 4) 57.01459616036922
(13349, 2651, 4) 57.42764701711989
(13399, 2701, 4) 57.066772502659255
(13449, 2751, 4) 56.882017312968294
(13499, 2801, 4) 56.99332212518539
(13549, 2851, 4) 56.51741201607574
(13599, 2901, 4) 56.427570972655914
(13649, 2951, 4) 57.02470546541806
(13699, 3001, 4) 56.665958583715856
(13749, 3051, 4) 56.31406556845875
(13799, 3101, 4) 57.08719494814532
(13849, 3151, 4) 57.00197824898395
(13899, 3201, 4) 57.500878650844896
(13949, 3251, 4) 56.90710710469923
(13999, 3301, 4) 56.5770866707766
(14049, 3351, 4) 57.592691192229935
(14099, 3401, 4) 57.13328478485431
(14149, 3451, 4) 56.837211277973466
(14199, 3501, 4) 58.4632735983127
(14249, 3551, 4) 58.1615767521699
