(1, 1, 1) 0.02460685460638435
(51, 51, 1) 0.18324979146020043
(101, 101, 1) 0.15833123957848586
(151, 151, 1) 0.32682824332956134
(201, 201, 1) 0.5803288025764691
(251, 251, 1) 0.5771119842829077
(301, 301, 1) 0.7386029012772966
(351, 351, 1) 1.2278795883692166
(401, 401, 1) 0.6893654724489214
(451, 451, 1) 0.5295566502463055
(501, 501, 1) 0.5300788954635108
(551, 551, 1) 0.5290354330708662
(601, 601, 1) 0.5937954435288414
(651, 651, 1) 0.4714700193423597
(701, 701, 1) 0.7200921134032829
(751, 751, 1) 0.9014100333849094
(801, 801, 1) 1.0598728615786095
(851, 851, 1) 1.029602678132806
(901, 901, 1) 1.27863714468104
(951, 951, 1) 1.6893371612055668
(1001, 1001, 1) 2.015474182307382
(1051, 1051, 1) 2.0677332912382753
(1101, 1101, 1) 2.363405424610374
(1151, 1151, 1) 2.2721023000684393
(1201, 1201, 1) 2.0054017046323946
(1251, 1251, 1) 2.2315429882276754
(1301, 1301, 1) 2.1047889268725384
(1351, 1351, 1) 2.5296224022288065
(1401, 1401, 1) 2.366889627519381
(1451, 1451, 1) 2.5126610359354986
(1501, 1501, 1) 2.3571394838841693
(1551, 1551, 1) 2.4643422229375536
(1601, 1601, 1) 2.579678588183988
(1651, 1651, 1) 2.7778600324243263
(1701, 1701, 1) 2.695562482896206
(1751, 1751, 1) 2.846279677417118
(1801, 1801, 1) 2.316591155776543
(1851, 1851, 1) 2.656129941865498
(1901, 1901, 1) 2.4602158979797712
(1951, 1951, 1) 2.7101570387803244
(2001, 2001, 1) 2.97909612698183
(2051, 2051, 1) 2.310832143598892
(2101, 2101, 1) 2.782196877543931
(2151, 2151, 1) 2.5437432317929543
(2201, 2201, 1) 2.7017405082869526
(2251, 2251, 1) 2.9775999617797546
(2301, 2301, 1) 3.166943542091042
(2351, 2351, 1) 2.8830865769465444
(2401, 2401, 1) 3.1729177665309574
(2451, 2451, 1) 3.218180402908768
(2501, 2501, 1) 3.257520744043432
(2551, 2551, 1) 2.6080772183403
(2601, 2601, 1) 2.8029841325243865
(2651, 2651, 1) 2.909406112007009
(2701, 2701, 1) 2.7845892833249253
(2751, 2751, 1) 2.9550388326321952
(2801, 2801, 1) 3.014755394992108
(2851, 2851, 1) 2.912555586056643
(2901, 2901, 1) 2.889922023050763
(2951, 2951, 1) 3.1061239344733385
(3001, 3001, 1) 3.073990635767249
(3051, 3051, 1) 3.1814498744901596
(3101, 3101, 1) 2.683912824116225
(3151, 3151, 1) 3.0271191069140095
(3201, 3201, 1) 2.727366443468676
(3251, 3251, 1) 2.9923596605923355
(3301, 3301, 1) 2.973380172638325
(3351, 3351, 1) 2.970535484450412
(3401, 3401, 1) 3.181850060225735
(3451, 3451, 1) 3.1272157940962377
(3501, 3501, 1) 2.94089850630947
(3551, 3551, 1) 3.0423162989149266
(3567, 1, 2) 2.9563230660717443
(3617, 51, 2) 3.159420080361107
(3667, 101, 2) 3.006881266860377
(3717, 151, 2) 3.073470274660953
(3767, 201, 2) 3.016994965214074
(3817, 251, 2) 2.966147949764005
(3867, 301, 2) 2.9598607521367755
(3917, 351, 2) 2.636786805218722
(3967, 401, 2) 2.9671839829838174
(4017, 451, 2) 2.753146743734617
(4067, 501, 2) 3.012665635261002
(4117, 551, 2) 2.805081827576027
(4167, 601, 2) 2.7822463629139627
(4217, 651, 2) 2.951220718810625
(4267, 701, 2) 3.1396557794378595
(4317, 751, 2) 2.977038094518998
(4367, 801, 2) 2.989435576593073
(4417, 851, 2) 2.885734181031937
(4467, 901, 2) 2.9577349848967143
(4517, 951, 2) 3.0641337023876702
(4567, 1001, 2) 3.0893781291297406
(4617, 1051, 2) 3.3993174780616164
(4667, 1101, 2) 3.133764682498446
(4717, 1151, 2) 2.7795155933691253
(4767, 1201, 2) 2.9591947031721846
(4817, 1251, 2) 3.09409658880802
(4867, 1301, 2) 2.864748679801257
(4917, 1351, 2) 2.9857582522950388
(4967, 1401, 2) 2.998782263722547
(5017, 1451, 2) 2.9496025866524143
(5067, 1501, 2) 3.3284757971503196
(5117, 1551, 2) 3.172369981422915
(5167, 1601, 2) 3.069199163564049
(5217, 1651, 2) 3.1336621806809024
(5267, 1701, 2) 2.7698050156449923
(5317, 1751, 2) 3.254179214604233
(5367, 1801, 2) 3.090953105181779
(5417, 1851, 2) 2.9873476419536233
(5467, 1901, 2) 3.028067859376355
(5517, 1951, 2) 3.05621508167815
(5567, 2001, 2) 2.920844624684153
(5617, 2051, 2) 3.063585031393044
(5667, 2101, 2) 3.0689560364498094
(5717, 2151, 2) 3.0586016868722274
(5767, 2201, 2) 2.906905720120151
(5817, 2251, 2) 3.050448126247624
(5867, 2301, 2) 3.1906217854660524
(5917, 2351, 2) 2.948414708202033
(5967, 2401, 2) 3.18471116548231
(6017, 2451, 2) 3.1275110080562025
(6067, 2501, 2) 3.3438489121324686
(6117, 2551, 2) 3.1773589460483325
(6167, 2601, 2) 3.1050180600361834
(6217, 2651, 2) 3.031681619910313
(6267, 2701, 2) 3.017962439922085
(6317, 2751, 2) 3.354873709374384
(6367, 2801, 2) 3.4637033022308623
(6417, 2851, 2) 3.1788618022087265
(6467, 2901, 2) 3.2172728207206522
(6517, 2951, 2) 3.3388498769264343
(6567, 3001, 2) 3.355023906584857
(6617, 3051, 2) 2.864007835284623
(6667, 3101, 2) 3.0910570291306416
(6717, 3151, 2) 3.4660894137156726
(6767, 3201, 2) 3.2569002809332885
(6817, 3251, 2) 3.096272626512326
(6867, 3301, 2) 3.089319212353404
(6917, 3351, 2) 3.1344743419904786
(6967, 3401, 2) 3.147899573888617
(7017, 3451, 2) 3.4228235557112003
(7067, 3501, 2) 3.339762428821845
(7117, 3551, 2) 3.0809801876226977
(7133, 1, 3) 3.202490533268597
(7183, 51, 3) 3.47227771309244
(7233, 101, 3) 3.1812487718652824
(7283, 151, 3) 3.2635542076735455
(7333, 201, 3) 3.432785122600794
(7383, 251, 3) 3.662299064220099
(7433, 301, 3) 3.4945544994158304
(7483, 351, 3) 3.4096907196078483
(7533, 401, 3) 3.1310595798093157
(7583, 451, 3) 3.847412073703291
(7633, 501, 3) 3.412412320000994
(7683, 551, 3) 3.301204617321378
(7733, 601, 3) 3.6817304364719106
(7783, 651, 3) 3.5101129339617785
(7833, 701, 3) 3.488027070753509
(7883, 751, 3) 3.660912518047046
(7933, 801, 3) 3.588108837937208
(7983, 851, 3) 3.5642024570563646
(8033, 901, 3) 3.685641085374987
(8083, 951, 3) 3.8522644848549246
(8133, 1001, 3) 3.658047109844277
(8183, 1051, 3) 3.6158573725291077
(8233, 1101, 3) 3.6909495403993455
(8283, 1151, 3) 3.719778153326115
(8333, 1201, 3) 3.9512276685522254
(8383, 1251, 3) 3.901874167025321
(8433, 1301, 3) 3.6804531143320425
(8483, 1351, 3) 3.806385003147514
(8533, 1401, 3) 3.828510807312603
(8583, 1451, 3) 3.577811800406043
(8633, 1501, 3) 3.878565745360181
(8683, 1551, 3) 3.6482008497554084
(8733, 1601, 3) 3.7506387041692313
(8783, 1651, 3) 3.541665775815191
(8833, 1701, 3) 3.7663628615757903
(8883, 1751, 3) 3.907889978692294
(8933, 1801, 3) 3.7692634335222195
(8983, 1851, 3) 3.80505422816025
(9033, 1901, 3) 3.5077034855534235
(9083, 1951, 3) 4.160025940484704
(9133, 2001, 3) 3.6700873685587907
(9183, 2051, 3) 3.580596610585812
(9233, 2101, 3) 3.938002191078697
(9283, 2151, 3) 3.8895754348904306
(9333, 2201, 3) 3.736431319209933
(9383, 2251, 3) 3.6503561485278087
(9433, 2301, 3) 3.8570238252230675
(9483, 2351, 3) 4.345951718355408
(9533, 2401, 3) 3.898061724867558
(9583, 2451, 3) 3.7953104695853583
(9633, 2501, 3) 4.041592993254373
(9683, 2551, 3) 3.7714896302715593
(9733, 2601, 3) 3.5711290150009067
(9783, 2651, 3) 3.797168674110097
(9833, 2701, 3) 3.940223373299715
(9883, 2751, 3) 3.822400694542831
(9933, 2801, 3) 3.909637581325827
(9983, 2851, 3) 4.223019928644911
(10033, 2901, 3) 3.6869304144289377
(10083, 2951, 3) 3.8446340789046336
(10133, 3001, 3) 3.8854228063141596
(10183, 3051, 3) 4.1470612366917825
(10233, 3101, 3) 3.9602927059204505
(10283, 3151, 3) 3.428659975396135
(10333, 3201, 3) 4.122968205799525
(10383, 3251, 3) 4.204668535961724
(10433, 3301, 3) 4.387587095828777
(10483, 3351, 3) 3.7470395572307904
(10533, 3401, 3) 4.229293375991847
(10583, 3451, 3) 4.409048464178347
(10633, 3501, 3) 4.040743640336612
(10683, 3551, 3) 4.136519637543526
(10699, 1, 4) 3.950896454862654
(10749, 51, 4) 4.1284904313065836
(10799, 101, 4) 3.9709842648378584
(10849, 151, 4) 4.11656579725201
(10899, 201, 4) 4.1296707857687025
(10949, 251, 4) 4.058491788668624
(10999, 301, 4) 4.352451178053593
(11049, 351, 4) 4.10098659545833
(11099, 401, 4) 4.099867589111969
(11149, 451, 4) 4.33022191000739
(11199, 501, 4) 4.027168686147555
(11249, 551, 4) 4.14852324613396
(11299, 601, 4) 4.34614376542527
(11349, 651, 4) 4.209898747933821
(11399, 701, 4) 4.18392224791534
(11449, 751, 4) 4.294840036904376
(11499, 801, 4) 4.173281636854497
(11549, 851, 4) 4.257413947481809
(11599, 901, 4) 4.283575217892888
(11649, 951, 4) 4.641075549694702
(11699, 1001, 4) 4.255161862782596
(11749, 1051, 4) 4.383391955028748
(11799, 1101, 4) 4.476789013384112
(11849, 1151, 4) 4.804941207574736
(11899, 1201, 4) 4.434282087574491
(11949, 1251, 4) 4.747906861759578
(11999, 1301, 4) 4.349863717463103
(12049, 1351, 4) 4.35281362303412
(12099, 1401, 4) 4.546426274010117
(12149, 1451, 4) 4.428312475235853
(12199, 1501, 4) 4.395387184328447
(12249, 1551, 4) 4.388594207159215
(12299, 1601, 4) 4.654169480335202
(12349, 1651, 4) 4.566600642248476
(12399, 1701, 4) 4.342813939537256
(12449, 1751, 4) 4.478133115392794
(12499, 1801, 4) 4.453836445640394
(12549, 1851, 4) 4.801987235328841
(12599, 1901, 4) 4.686002833047451
(12649, 1951, 4) 4.731160792243349
(12699, 2001, 4) 4.525381723844486
(12749, 2051, 4) 4.699882003966559
(12799, 2101, 4) 4.940062978988253
(12849, 2151, 4) 4.828482064977764
(12899, 2201, 4) 4.6808569297373985
(12949, 2251, 4) 4.722746320628801
(12999, 2301, 4) 4.843803010004912
(13049, 2351, 4) 4.698532305343696
(13099, 2401, 4) 4.648785150062206
(13149, 2451, 4) 4.786969959719096
(13199, 2501, 4) 4.792328062851207
(13249, 2551, 4) 4.527849359043451
(13299, 2601, 4) 4.924434370738752
(13349, 2651, 4) 4.626404100423318
(13399, 2701, 4) 4.677574253337356
(13449, 2751, 4) 4.738170352414906
(13499, 2801, 4) 4.723325211195573
(13549, 2851, 4) 4.432487913364034
(13599, 2901, 4) 4.799427899483454
(13649, 2951, 4) 4.622665256671872
(13699, 3001, 4) 4.412833420535156
(13749, 3051, 4) 4.663080438389632
(13799, 3101, 4) 4.801777200651934
(13849, 3151, 4) 4.687334376830715
(13899, 3201, 4) 4.410987696590406
(13949, 3251, 4) 4.855100800887614
(13999, 3301, 4) 4.658604055814215
(14049, 3351, 4) 4.732173560807974
(14099, 3401, 4) 4.803110560247657
(14149, 3451, 4) 4.9576191004173165
(14199, 3501, 4) 4.874404950798549
(14249, 3551, 4) 4.63585030656883
