(1, 1, 1) 74.91114022537198
(51, 51, 1) 75.913408730136
(101, 101, 1) 74.7711764377184
(151, 151, 1) 75.91285724277928
(201, 201, 1) 74.63340121315787
(251, 251, 1) 74.63340121315787
(301, 301, 1) 75.8137172434468
(351, 351, 1) 75.45285514787511
(401, 401, 1) 75.07459612284177
(451, 451, 1) 74.63340121315787
(501, 501, 1) 74.6339484563496
(551, 551, 1) 74.63230683876904
(601, 601, 1) 74.61764528773716
(651, 651, 1) 74.63234310131031
(701, 701, 1) 74.59598443927007
(751, 751, 1) 74.60501542534931
(801, 801, 1) 74.81676311797408
(851, 851, 1) 74.65339026438511
(901, 901, 1) 74.69554047644931
(951, 951, 1) 75.15256756466495
(1001, 1001, 1) 75.18871495326904
(1051, 1051, 1) 75.3840965406386
(1101, 1101, 1) 75.40439653695611
(1151, 1151, 1) 75.31010611589905
(1201, 1201, 1) 75.15097753059335
(1251, 1251, 1) 75.3117318104701
(1301, 1301, 1) 75.20592979131861
(1351, 1351, 1) 75.131986443084
(1401, 1401, 1) 75.1956535296812
(1451, 1451, 1) 74.895256991503
(1501, 1501, 1) 74.99223937036979
(1551, 1551, 1) 75.02540858866405
(1601, 1601, 1) 75.11313611499719
(1651, 1651, 1) 75.17810411454917
(1701, 1701, 1) 74.84452535173408
(1751, 1751, 1) 74.98080545861869
(1801, 1801, 1) 74.91018233187941
(1851, 1851, 1) 74.9827372545023
(1901, 1901, 1) 74.83878099783897
(1951, 1951, 1) 74.95079832464893
(2001, 2001, 1) 74.90031711017298
(2051, 2051, 1) 74.68927225465345
(2101, 2101, 1) 74.89800652709468
(2151, 2151, 1) 74.8041870140732
(2201, 2201, 1) 74.83548039923723
(2251, 2251, 1) 74.85980967928741
(2301, 2301, 1) 74.67022930387644
(2351, 2351, 1) 74.79014017455859
(2401, 2401, 1) 74.78207952902778
(2451, 2451, 1) 74.63620217806441
(2501, 2501, 1) 74.90056419284738
(2551, 2551, 1) 74.69462630635554
(2601, 2601, 1) 74.72785748089275
(2651, 2651, 1) 74.70666149938552
(2701, 2701, 1) 74.78557959284777
(2751, 2751, 1) 74.51475131530054
(2801, 2801, 1) 74.38529094695518
(2851, 2851, 1) 74.79744841813127
(2901, 2901, 1) 74.7678516283912
(2951, 2951, 1) 74.7136387030898
(3001, 3001, 1) 74.63937822264276
(3051, 3051, 1) 74.74803035603652
(3101, 3101, 1) 74.44568309161504
(3151, 3151, 1) 74.43705765549772
(3201, 3201, 1) 74.1390932388059
(3251, 3251, 1) 74.27105833331493
(3301, 3301, 1) 74.44383457146631
(3351, 3351, 1) 74.22277293342603
(3401, 3401, 1) 74.34697655121288
(3451, 3451, 1) 74.38139505338019
(3501, 3501, 1) 74.43870104170199
(3551, 3551, 1) 74.28209350496083
(3567, 1, 2) 74.16697730680129
(3617, 51, 2) 74.3224151642489
(3667, 101, 2) 74.0452522184148
(3717, 151, 2) 74.09729724308973
(3767, 201, 2) 73.75310242366898
(3817, 251, 2) 73.27855849180312
(3867, 301, 2) 73.77148743012764
(3917, 351, 2) 73.70832965775953
(3967, 401, 2) 73.34175000655617
(4017, 451, 2) 72.76309340768046
(4067, 501, 2) 73.3885927513485
(4117, 551, 2) 72.88161046488979
(4167, 601, 2) 73.23128822298696
(4217, 651, 2) 73.27206440888763
(4267, 701, 2) 73.65707158457093
(4317, 751, 2) 72.39166158214876
(4367, 801, 2) 72.10336057727423
(4417, 851, 2) 72.64149737091658
(4467, 901, 2) 72.5905183090291
(4517, 951, 2) 71.63939071821844
(4567, 1001, 2) 72.0361388880517
(4617, 1051, 2) 72.60763548913701
(4667, 1101, 2) 71.33222760571118
(4717, 1151, 2) 70.60979046715138
(4767, 1201, 2) 71.48463389339872
(4817, 1251, 2) 71.32347988295102
(4867, 1301, 2) 70.53931289015617
(4917, 1351, 2) 71.00563103221077
(4967, 1401, 2) 69.66768882635289
(5017, 1451, 2) 70.43472968357192
(5067, 1501, 2) 71.33928651472878
(5117, 1551, 2) 70.92946041411227
(5167, 1601, 2) 70.15261246251934
(5217, 1651, 2) 69.3021820253263
(5267, 1701, 2) 68.97309273565601
(5317, 1751, 2) 70.09316615457
(5367, 1801, 2) 70.58904794947746
(5417, 1851, 2) 69.72699088526112
(5467, 1901, 2) 69.83354420432768
(5517, 1951, 2) 69.2946435095732
(5567, 2001, 2) 69.12779800653402
(5617, 2051, 2) 69.01668808332755
(5667, 2101, 2) 70.13059338687032
(5717, 2151, 2) 70.49002679998392
(5767, 2201, 2) 67.61564854520408
(5817, 2251, 2) 68.36740149923513
(5867, 2301, 2) 68.38623790168919
(5917, 2351, 2) 68.78992703941013
(5967, 2401, 2) 67.12056761249113
(6017, 2451, 2) 66.18773568309963
(6067, 2501, 2) 67.54247942845475
(6117, 2551, 2) 66.78277694696182
(6167, 2601, 2) 65.90632938515158
(6217, 2651, 2) 66.506747014385
(6267, 2701, 2) 63.79925327252681
(6317, 2751, 2) 65.43830574608745
(6367, 2801, 2) 65.68477241429464
(6417, 2851, 2) 65.82822992056946
(6467, 2901, 2) 65.6910730156757
(6517, 2951, 2) 67.09730871900165
(6567, 3001, 2) 65.37818484103724
(6617, 3051, 2) 63.639036240019756
(6667, 3101, 2) 63.214732629243265
(6717, 3151, 2) 64.26540057553383
(6767, 3201, 2) 64.68457754341483
(6817, 3251, 2) 64.28278157434613
(6867, 3301, 2) 64.39504500214944
(6917, 3351, 2) 61.6233479401665
(6967, 3401, 2) 65.25063378261645
(7017, 3451, 2) 66.2299365080502
(7067, 3501, 2) 65.33447303632542
(7117, 3551, 2) 63.65285280681594
(7133, 1, 3) 63.69934942564335
(7183, 51, 3) 64.60507587321025
(7233, 101, 3) 61.70127450638236
(7283, 151, 3) 61.45612996266152
(7333, 201, 3) 61.02476367905272
(7383, 251, 3) 63.04261517994423
(7433, 301, 3) 61.22525537085105
(7483, 351, 3) 60.32009648584226
(7533, 401, 3) 60.91025033534731
(7583, 451, 3) 64.34969506949317
(7633, 501, 3) 60.82851833512184
(7683, 551, 3) 60.10692878662096
(7733, 601, 3) 62.04517925534777
(7783, 651, 3) 61.37268497431031
(7833, 701, 3) 61.849265557589405
(7883, 751, 3) 60.17449933653356
(7933, 801, 3) 60.101658392193194
(7983, 851, 3) 61.30017298748487
(8033, 901, 3) 60.86731935581915
(8083, 951, 3) 59.03912009548332
(8133, 1001, 3) 57.28689109196191
(8183, 1051, 3) 58.737039318299786
(8233, 1101, 3) 57.90505682316831
(8283, 1151, 3) 56.26530098610719
(8333, 1201, 3) 59.63259530685158
(8383, 1251, 3) 57.81683076024349
(8433, 1301, 3) 56.87145910077466
(8483, 1351, 3) 56.269477676419356
(8533, 1401, 3) 57.930125711032666
(8583, 1451, 3) 60.3720729431322
(8633, 1501, 3) 57.80314405146307
(8683, 1551, 3) 60.09934380563402
(8733, 1601, 3) 57.17848328526913
(8783, 1651, 3) 55.78960443793781
(8833, 1701, 3) 56.13349704639737
(8883, 1751, 3) 56.950648841064734
(8933, 1801, 3) 56.894916889357525
(8983, 1851, 3) 58.94914956464288
(9033, 1901, 3) 57.863325334187806
(9083, 1951, 3) 56.59538032683545
(9133, 2001, 3) 54.043685723309956
(9183, 2051, 3) 55.67015242356974
(9233, 2101, 3) 59.108020321357515
(9283, 2151, 3) 54.52048791307838
(9333, 2201, 3) 54.57987957120321
(9383, 2251, 3) 55.3237775165581
(9433, 2301, 3) 54.328847962552665
(9483, 2351, 3) 55.11741763004733
(9533, 2401, 3) 53.9106841301143
(9583, 2451, 3) 51.86278491860967
(9633, 2501, 3) 55.445968754027945
(9683, 2551, 3) 51.06069350013745
(9733, 2601, 3) 55.454058110271816
(9783, 2651, 3) 53.711761339301574
(9833, 2701, 3) 53.29200716834115
(9883, 2751, 3) 53.36696670666473
(9933, 2801, 3) 53.00876920830512
(9983, 2851, 3) 55.79901267833105
(10033, 2901, 3) 52.08995956764403
(10083, 2951, 3) 56.86975387561635
(10133, 3001, 3) 55.35915475718129
(10183, 3051, 3) 55.566892689380744
(10233, 3101, 3) 54.45747870511709
(10283, 3151, 3) 54.914532365793555
(10333, 3201, 3) 53.49637531360983
(10383, 3251, 3) 55.51567006105679
(10433, 3301, 3) 57.31427805589286
(10483, 3351, 3) 49.298824831188966
(10533, 3401, 3) 53.52740513315608
(10583, 3451, 3) 56.29088135902296
(10633, 3501, 3) 52.732951464672794
(10683, 3551, 3) 55.21563035709934
(10699, 1, 4) 50.82299785532795
(10749, 51, 4) 52.81157057915853
(10799, 101, 4) 53.415622091325645
(10849, 151, 4) 52.56496269857184
(10899, 201, 4) 53.35639953616622
(10949, 251, 4) 53.896432758085474
(10999, 301, 4) 55.21603720494905
(11049, 351, 4) 52.27700342525633
(11099, 401, 4) 49.2573991152146
(11149, 451, 4) 54.567926845846834
(11199, 501, 4) 50.25227844576027
(11249, 551, 4) 47.6653495048889
(11299, 601, 4) 54.13068159106829
(11349, 651, 4) 53.32380948529314
(11399, 701, 4) 50.956569377825055
(11449, 751, 4) 52.71141159577113
(11499, 801, 4) 49.932783570267695
(11549, 851, 4) 51.442160488536246
(11599, 901, 4) 53.2620397290333
(11649, 951, 4) 52.57396230434557
(11699, 1001, 4) 49.51910400311436
(11749, 1051, 4) 52.55831561919868
(11799, 1101, 4) 48.673137483403096
(11849, 1151, 4) 53.02041811712439
(11899, 1201, 4) 52.095329370821695
(11949, 1251, 4) 52.47759581355207
(11999, 1301, 4) 53.15535336632481
(12049, 1351, 4) 51.63292157993066
(12099, 1401, 4) 50.645835627177036
(12149, 1451, 4) 52.92171069082748
(12199, 1501, 4) 49.92365538712902
(12249, 1551, 4) 50.77626729832795
(12299, 1601, 4) 51.83911586563661
(12349, 1651, 4) 48.15056735714093
(12399, 1701, 4) 49.035404490242044
(12449, 1751, 4) 49.527967239852536
(12499, 1801, 4) 50.63597187745537
(12549, 1851, 4) 50.811399312733954
(12599, 1901, 4) 52.349301499670766
(12649, 1951, 4) 48.41082575329943
(12699, 2001, 4) 49.68590921307053
(12749, 2051, 4) 48.98861791626243
(12799, 2101, 4) 52.65998283055382
(12849, 2151, 4) 49.61103931900852
(12899, 2201, 4) 48.90259276538394
(12949, 2251, 4) 50.983907641518755
(12999, 2301, 4) 49.456690269871075
(13049, 2351, 4) 49.66308102682806
(13099, 2401, 4) 46.3396180248579
(13149, 2451, 4) 48.53264713572042
(13199, 2501, 4) 52.98877726481069
(13249, 2551, 4) 44.66249081160765
(13299, 2601, 4) 50.31976575131816
(13349, 2651, 4) 46.74021568067545
(13399, 2701, 4) 46.32155878998311
(13449, 2751, 4) 49.26318258254886
(13499, 2801, 4) 49.41915762623845
(13549, 2851, 4) 45.94170978379006
(13599, 2901, 4) 50.126732360781666
(13649, 2951, 4) 49.5342413938914
(13699, 3001, 4) 51.72113606083062
(13749, 3051, 4) 49.6392285131587
(13799, 3101, 4) 50.03001365216624
(13849, 3151, 4) 51.250212504465566
(13899, 3201, 4) 50.56209041855087
(13949, 3251, 4) 49.86073199308976
(13999, 3301, 4) 50.40971864678826
(14049, 3351, 4) 46.80585706816976
(14099, 3401, 4) 47.39796425523332
(14149, 3451, 4) 51.25349536896502
(14199, 3501, 4) 46.77086173187499
(14249, 3551, 4) 50.36002014772314
