(1, 1, 1) 32.40410677813836
(51, 51, 1) 36.05048141870964
(101, 101, 1) 31.877625997965733
(151, 151, 1) 36.100818729959975
(201, 201, 1) 32.40982816932364
(251, 251, 1) 32.40788957567672
(301, 301, 1) 36.761175937430885
(351, 351, 1) 37.210944865261425
(401, 401, 1) 34.32455762550205
(451, 451, 1) 32.39203779766452
(501, 501, 1) 32.39328677772554
(551, 551, 1) 32.389714185580296
(601, 601, 1) 32.47465856102701
(651, 651, 1) 32.47609338691305
(701, 701, 1) 32.955693961454585
(751, 751, 1) 33.49833563588443
(801, 801, 1) 34.3543662850806
(851, 851, 1) 33.92490941902279
(901, 901, 1) 34.55885700210807
(951, 951, 1) 36.198987816817436
(1001, 1001, 1) 36.920423590859805
(1051, 1051, 1) 37.62821273785973
(1101, 1101, 1) 37.90046601568519
(1151, 1151, 1) 38.055275418622124
(1201, 1201, 1) 37.80734039900829
(1251, 1251, 1) 38.05660113790177
(1301, 1301, 1) 38.2635682658942
(1351, 1351, 1) 38.088934723629954
(1401, 1401, 1) 38.06137219712509
(1451, 1451, 1) 38.343073087366896
(1501, 1501, 1) 38.36016049822996
(1551, 1551, 1) 38.490680463318974
(1601, 1601, 1) 38.51341983833231
(1651, 1651, 1) 38.47685011216798
(1701, 1701, 1) 38.3802081904658
(1751, 1751, 1) 38.576542847849375
(1801, 1801, 1) 38.263076034909126
(1851, 1851, 1) 38.430167491501116
(1901, 1901, 1) 38.20371382899506
(1951, 1951, 1) 38.655825223097956
(2001, 2001, 1) 38.471846549665
(2051, 2051, 1) 38.421877742918355
(2101, 2101, 1) 38.19221663851392
(2151, 2151, 1) 38.486615701661606
(2201, 2201, 1) 38.29961386786952
(2251, 2251, 1) 38.77672382367546
(2301, 2301, 1) 38.57974458109417
(2351, 2351, 1) 38.67195122993971
(2401, 2401, 1) 38.87228196715228
(2451, 2451, 1) 38.93791997596504
(2501, 2501, 1) 39.18455107914932
(2551, 2551, 1) 38.92294430443264
(2601, 2601, 1) 38.860550542685836
(2651, 2651, 1) 38.97855174135444
(2701, 2701, 1) 38.916300646464926
(2751, 2751, 1) 38.93319008017565
(2801, 2801, 1) 38.5733415743294
(2851, 2851, 1) 39.074624543712154
(2901, 2901, 1) 38.73630814081573
(2951, 2951, 1) 38.92536199969745
(3001, 3001, 1) 39.147609925856955
(3051, 3051, 1) 38.682399336164174
(3101, 3101, 1) 38.61602035564771
(3151, 3151, 1) 39.11740484842355
(3201, 3201, 1) 38.87637958263176
(3251, 3251, 1) 38.8902161941232
(3301, 3301, 1) 39.19150942533731
(3351, 3351, 1) 38.95540880342069
(3401, 3401, 1) 39.238601165091346
(3451, 3451, 1) 39.28908304301258
(3501, 3501, 1) 39.15665363714462
(3551, 3551, 1) 39.075543046769035
(3567, 1, 2) 39.32683573017436
(3617, 51, 2) 39.31187257240837
(3667, 101, 2) 39.267710381355535
(3717, 151, 2) 39.12519137615954
(3767, 201, 2) 39.093295550419036
(3817, 251, 2) 39.45733381241836
(3867, 301, 2) 39.485371578586054
(3917, 351, 2) 39.18547596355061
(3967, 401, 2) 39.300690071016795
(4017, 451, 2) 39.35710216081083
(4067, 501, 2) 39.309231321850284
(4117, 551, 2) 39.56198909236596
(4167, 601, 2) 39.23774771533551
(4217, 651, 2) 39.65673731658046
(4267, 701, 2) 39.582386324122666
(4317, 751, 2) 39.54550494916756
(4367, 801, 2) 39.69534806291301
(4417, 851, 2) 39.44098915041078
(4467, 901, 2) 39.72477344172435
(4517, 951, 2) 39.55676253177841
(4567, 1001, 2) 39.812380472924616
(4617, 1051, 2) 39.8770010932357
(4667, 1101, 2) 39.59727602993013
(4717, 1151, 2) 39.541924866299695
(4767, 1201, 2) 40.03155633441972
(4817, 1251, 2) 39.869243563270224
(4867, 1301, 2) 39.62169482915559
(4917, 1351, 2) 39.73480302520999
(4967, 1401, 2) 39.86489566616575
(5017, 1451, 2) 39.877214350182506
(5067, 1501, 2) 40.06530153146548
(5117, 1551, 2) 40.19962984236617
(5167, 1601, 2) 40.069200376814884
(5217, 1651, 2) 39.64674581399717
(5267, 1701, 2) 39.97219711511321
(5317, 1751, 2) 39.938677220174895
(5367, 1801, 2) 40.35308426212106
(5417, 1851, 2) 39.56758745890574
(5467, 1901, 2) 40.26108955998212
(5517, 1951, 2) 40.02966596165183
(5567, 2001, 2) 40.00682354959435
(5617, 2051, 2) 40.263565249781344
(5667, 2101, 2) 40.16596816014279
(5717, 2151, 2) 40.33345277971347
(5767, 2201, 2) 39.57623554270529
(5817, 2251, 2) 39.656727112961
(5867, 2301, 2) 39.95203667421608
(5917, 2351, 2) 40.04427369124661
(5967, 2401, 2) 39.488651037058354
(6017, 2451, 2) 39.647648911532066
(6067, 2501, 2) 40.26692704212848
(6117, 2551, 2) 39.506842434024406
(6167, 2601, 2) 39.955167248517895
(6217, 2651, 2) 39.62365881221641
(6267, 2701, 2) 38.72381579755716
(6317, 2751, 2) 39.51556992270278
(6367, 2801, 2) 39.93029081107329
(6417, 2851, 2) 39.43533064854165
(6467, 2901, 2) 39.89577618336491
(6517, 2951, 2) 39.91266043638695
(6567, 3001, 2) 39.78891650787313
(6617, 3051, 2) 38.98997899986633
(6667, 3101, 2) 39.140579168171875
(6717, 3151, 2) 39.686567628380494
(6767, 3201, 2) 39.493671909762135
(6817, 3251, 2) 39.14480766432151
(6867, 3301, 2) 39.65631247188947
(6917, 3351, 2) 38.95411535705894
(6967, 3401, 2) 39.367570904493945
(7017, 3451, 2) 39.86397675411619
(7067, 3501, 2) 39.58358246425138
(7117, 3551, 2) 39.24385000345334
(7133, 1, 3) 38.80628185291284
(7183, 51, 3) 39.83972719421096
(7233, 101, 3) 39.092250958755834
(7283, 151, 3) 38.89954823837892
(7333, 201, 3) 39.22068489263913
(7383, 251, 3) 40.03733049206107
(7433, 301, 3) 39.29290808363897
(7483, 351, 3) 38.92097002605399
(7533, 401, 3) 39.15485759388383
(7583, 451, 3) 39.48850830637229
(7633, 501, 3) 38.748926673843854
(7683, 551, 3) 38.68449797266425
(7733, 601, 3) 39.08313847876956
(7783, 651, 3) 39.10407614371401
(7833, 701, 3) 38.878368374322775
(7883, 751, 3) 38.626615733734944
(7933, 801, 3) 38.66335555937536
(7983, 851, 3) 38.84218169544111
(8033, 901, 3) 38.72426656927211
(8083, 951, 3) 38.90014926931918
(8133, 1001, 3) 38.01328301869939
(8183, 1051, 3) 38.56621333550161
(8233, 1101, 3) 38.29404220273998
(8283, 1151, 3) 37.75956136653616
(8333, 1201, 3) 38.97822903003957
(8383, 1251, 3) 38.45828759245992
(8433, 1301, 3) 38.16453508281069
(8483, 1351, 3) 38.03928189110882
(8533, 1401, 3) 38.73542581682949
(8583, 1451, 3) 38.97073922289774
(8633, 1501, 3) 38.900547362138724
(8683, 1551, 3) 38.87624486088823
(8733, 1601, 3) 38.32706062823936
(8783, 1651, 3) 37.839687459839446
(8833, 1701, 3) 37.89246851816572
(8883, 1751, 3) 38.50759208367733
(8933, 1801, 3) 38.53534576385848
(8983, 1851, 3) 38.96908869496169
(9033, 1901, 3) 38.222204886250466
(9083, 1951, 3) 38.51823609036217
(9133, 2001, 3) 37.671287706862095
(9183, 2051, 3) 37.80791446611374
(9233, 2101, 3) 38.75936145100527
(9283, 2151, 3) 37.86174179109628
(9333, 2201, 3) 37.41935827603922
(9383, 2251, 3) 37.91762690426907
(9433, 2301, 3) 37.751896872936456
(9483, 2351, 3) 38.14937697851121
(9533, 2401, 3) 37.55061895057453
(9583, 2451, 3) 36.947568553539206
(9633, 2501, 3) 38.06858539317019
(9683, 2551, 3) 36.988228304611
(9733, 2601, 3) 38.05366258757213
(9783, 2651, 3) 37.562120619179325
(9833, 2701, 3) 37.44351414218113
(9883, 2751, 3) 37.61947419788984
(9933, 2801, 3) 37.530389174199435
(9983, 2851, 3) 38.28084103285516
(10033, 2901, 3) 37.12697867059452
(10083, 2951, 3) 38.45520157873111
(10133, 3001, 3) 38.03525482460807
(10183, 3051, 3) 38.26208640292602
(10233, 3101, 3) 37.8145854113167
(10283, 3151, 3) 37.80259446571233
(10333, 3201, 3) 37.89170894564333
(10383, 3251, 3) 38.405739038474486
(10433, 3301, 3) 38.547133554129914
(10483, 3351, 3) 36.65443785314404
(10533, 3401, 3) 37.82419624921591
(10583, 3451, 3) 38.792650625264436
(10633, 3501, 3) 37.662053526528815
(10683, 3551, 3) 38.67687910629865
(10699, 1, 4) 37.06485207604376
(10749, 51, 4) 37.62303261980335
(10799, 101, 4) 37.55633293169335
(10849, 151, 4) 37.68097338620466
(10899, 201, 4) 37.656813616128346
(10949, 251, 4) 37.91975520528373
(10999, 301, 4) 38.50202444364967
(11049, 351, 4) 37.2716186771249
(11099, 401, 4) 36.74033096161188
(11149, 451, 4) 38.248362784638154
(11199, 501, 4) 36.629517945058204
(11249, 551, 4) 36.146187384970446
(11299, 601, 4) 38.10008764817908
(11349, 651, 4) 38.188263757867944
(11399, 701, 4) 36.94598866597037
(11449, 751, 4) 37.8555956529619
(11499, 801, 4) 36.4556454565586
(11549, 851, 4) 37.12192504884096
(11599, 901, 4) 37.68669544100471
(11649, 951, 4) 37.46467704290374
(11699, 1001, 4) 36.614320802471326
(11749, 1051, 4) 37.76170950034625
(11799, 1101, 4) 36.7160131105318
(11849, 1151, 4) 38.276283142920285
(11899, 1201, 4) 37.77846799628772
(11949, 1251, 4) 37.924951851272525
(11999, 1301, 4) 37.707028104926344
(12049, 1351, 4) 37.27451150026672
(12099, 1401, 4) 37.48057598239685
(12149, 1451, 4) 38.296781083027064
(12199, 1501, 4) 37.332091441818584
(12249, 1551, 4) 37.24932876395036
(12299, 1601, 4) 37.86238043579849
(12349, 1651, 4) 36.623307662532916
(12399, 1701, 4) 36.59156694882176
(12449, 1751, 4) 36.85608510348019
(12499, 1801, 4) 37.13440903075061
(12549, 1851, 4) 37.33570820789996
(12599, 1901, 4) 37.73486307305976
(12649, 1951, 4) 36.53526289115292
(12699, 2001, 4) 36.95487393217493
(12749, 2051, 4) 37.068475518096974
(12799, 2101, 4) 37.845819560447275
(12849, 2151, 4) 36.88773023465611
(12899, 2201, 4) 36.87972869105807
(12949, 2251, 4) 37.67325833787567
(12999, 2301, 4) 37.244832275861214
(13049, 2351, 4) 36.95454648933947
(13099, 2401, 4) 35.965142726781636
(13149, 2451, 4) 36.67410697582725
(13199, 2501, 4) 38.02508454592632
(13249, 2551, 4) 35.42780056381233
(13299, 2601, 4) 37.48905309508328
(13349, 2651, 4) 36.34876425591145
(13399, 2701, 4) 36.10597180659989
(13449, 2751, 4) 37.03346991807456
(13499, 2801, 4) 37.11756336943031
(13549, 2851, 4) 35.71181328976754
(13599, 2901, 4) 37.18669087168954
(13649, 2951, 4) 37.13370534868881
(13699, 3001, 4) 37.66476239495527
(13749, 3051, 4) 36.94407573032492
(13799, 3101, 4) 37.37795800227902
(13849, 3151, 4) 37.71398071630798
(13899, 3201, 4) 37.56256974209031
(13949, 3251, 4) 37.27844454561551
(13999, 3301, 4) 37.28360799531081
(14049, 3351, 4) 36.463867417276965
(14099, 3401, 4) 36.5259054705367
(14149, 3451, 4) 37.74914297358794
(14199, 3501, 4) 36.79333796482834
(14249, 3551, 4) 37.795631610233315
