(1, 1, 1) 21.96746878571036
(51, 51, 1) 31.723581901417546
(101, 101, 1) 20.39181158609056
(151, 151, 1) 31.7209777977017
(201, 201, 1) 21.804138399088213
(251, 251, 1) 21.804138399088213
(301, 301, 1) 33.50222072522901
(351, 351, 1) 34.79395739596659
(401, 401, 1) 26.983489184011226
(451, 451, 1) 21.804138399088213
(501, 501, 1) 21.806881520002854
(551, 551, 1) 21.79865179058006
(601, 601, 1) 22.012693828957484
(651, 651, 1) 22.12638571621233
(701, 701, 1) 23.364368016162963
(751, 751, 1) 24.813825401291602
(801, 801, 1) 27.012877283038588
(851, 851, 1) 25.91963203125917
(901, 901, 1) 27.52867681221276
(951, 951, 1) 31.601859580502552
(1001, 1001, 1) 33.43019288430363
(1051, 1051, 1) 35.310765802565456
(1101, 1101, 1) 35.82652035739534
(1151, 1151, 1) 36.494514671587766
(1201, 1201, 1) 36.18360736109228
(1251, 1251, 1) 36.53149086493055
(1301, 1301, 1) 37.40787298207402
(1351, 1351, 1) 36.52299463586199
(1401, 1401, 1) 36.54160902745115
(1451, 1451, 1) 37.562299261690946
(1501, 1501, 1) 37.66763331194252
(1551, 1551, 1) 37.92551309964903
(1601, 1601, 1) 37.78413138562573
(1651, 1651, 1) 37.40518608731091
(1701, 1701, 1) 37.535872225342686
(1751, 1751, 1) 37.84041887636032
(1801, 1801, 1) 37.50022145667955
(1851, 1851, 1) 37.59071924665141
(1901, 1901, 1) 37.251727681157526
(1951, 1951, 1) 38.24563951503258
(2001, 2001, 1) 37.469266274779706
(2051, 2051, 1) 38.21624286365332
(2101, 2101, 1) 36.825543554101785
(2151, 2151, 1) 38.05653120200556
(2201, 2201, 1) 37.29724937418225
(2251, 2251, 1) 38.43311603805478
(2301, 2301, 1) 37.84357401830987
(2351, 2351, 1) 38.28643930173957
(2401, 2401, 1) 38.598690066053756
(2451, 2451, 1) 38.90527142567599
(2501, 2501, 1) 39.338469184758054
(2551, 2551, 1) 39.42573292048502
(2601, 2601, 1) 39.000134582314764
(2651, 2651, 1) 39.27182904403961
(2701, 2701, 1) 39.13846015210125
(2751, 2751, 1) 39.28779647972549
(2801, 2801, 1) 38.27021505838986
(2851, 2851, 1) 39.4663642374977
(2901, 2901, 1) 38.49461557331868
(2951, 2951, 1) 38.90675764975786
(3001, 3001, 1) 39.688159207367825
(3051, 3051, 1) 38.0596401376773
(3101, 3101, 1) 38.67965502200542
(3151, 3151, 1) 39.855380911098614
(3201, 3201, 1) 39.73307138412026
(3251, 3251, 1) 39.36913321190328
(3301, 3301, 1) 40.12586165235131
(3351, 3351, 1) 39.64167600453352
(3401, 3401, 1) 40.155399662702614
(3451, 3451, 1) 40.32630638869489
(3501, 3501, 1) 40.05139934963364
(3551, 3551, 1) 39.86756152568863
(3567, 1, 2) 40.83226585412861
(3617, 51, 2) 40.4214883665157
(3667, 101, 2) 40.723127569391714
(3717, 151, 2) 40.170963298963095
(3767, 201, 2) 40.485468210398395
(3817, 251, 2) 42.11122522240374
(3867, 301, 2) 41.70578607549192
(3917, 351, 2) 41.18948197099418
(3967, 401, 2) 41.577534825931856
(4017, 451, 2) 42.544528526139366
(4067, 501, 2) 41.5067395690135
(4117, 551, 2) 42.987381267823565
(4167, 601, 2) 41.6786767115394
(4217, 651, 2) 42.72888046325525
(4267, 701, 2) 41.92508474488339
(4317, 751, 2) 43.257738655634284
(4367, 801, 2) 43.98379808548547
(4417, 851, 2) 42.782454605847406
(4467, 901, 2) 43.614779516780345
(4517, 951, 2) 43.96225121656366
(4567, 1001, 2) 44.302430953043256
(4617, 1051, 2) 43.609266016654594
(4667, 1101, 2) 44.31389357460351
(4717, 1151, 2) 45.23219069324
(4767, 1201, 2) 45.646146665765066
(4817, 1251, 2) 45.18433875269016
(4867, 1301, 2) 45.45256930998358
(4917, 1351, 2) 45.206491305998995
(4967, 1401, 2) 46.917329980968844
(5017, 1451, 2) 46.244226233872865
(5067, 1501, 2) 45.51758501880756
(5117, 1551, 2) 46.490996673477625
(5167, 1601, 2) 46.98089789940785
(5217, 1651, 2) 46.497470596891795
(5267, 1701, 2) 48.16768043031534
(5317, 1751, 2) 46.46224181521054
(5367, 1801, 2) 47.37267885033894
(5417, 1851, 2) 45.983255345862354
(5467, 1901, 2) 47.91704601799638
(5517, 1951, 2) 47.73138119132495
(5567, 2001, 2) 47.968964004823604
(5617, 2051, 2) 48.70477650592926
(5667, 2101, 2) 47.28999680254206
(5717, 2151, 2) 47.44023998840075
(5767, 2201, 2) 48.20220536688719
(5817, 2251, 2) 47.54763150013193
(5867, 2301, 2) 48.27387714857398
(5917, 2351, 2) 48.38890622104115
(5967, 2401, 2) 48.157005910683075
(6017, 2451, 2) 49.62083310005959
(6067, 2501, 2) 49.907635705291554
(6117, 2551, 2) 48.55312402179718
(6167, 2601, 2) 50.84254282455151
(6217, 2651, 2) 49.32635474979189
(6267, 2701, 2) 49.3404427837538
(6317, 2751, 2) 49.747864324863706
(6367, 2801, 2) 50.635454649826336
(6417, 2851, 2) 49.294313823913114
(6467, 2901, 2) 50.772398724734046
(6517, 2951, 2) 49.29432967802695
(6567, 3001, 2) 50.62893303896161
(6617, 3051, 2) 50.46027760853875
(6667, 3101, 2) 51.1065152823691
(6717, 3151, 2) 51.319889862478654
(6767, 3201, 2) 50.5325220365789
(6817, 3251, 2) 50.0510316836246
(6867, 3301, 2) 51.48052728210799
(6917, 3351, 2) 52.085312902271255
(6967, 3401, 2) 49.69855661210812
(7017, 3451, 2) 49.932772628794325
(7067, 3501, 2) 50.07232745162551
(7117, 3551, 2) 50.99204694087348
(7133, 1, 3) 49.5095352372721
(7183, 51, 3) 51.43698730107879
(7233, 101, 3) 52.37921491573838
(7283, 151, 3) 51.969572072232104
(7333, 201, 3) 53.189981457614365
(7383, 251, 3) 53.39891434353281
(7433, 301, 3) 53.14503906351518
(7483, 351, 3) 53.01225064382732
(7533, 401, 3) 53.40632573761819
(7583, 451, 3) 50.258243566298276
(7633, 501, 3) 51.99015064229725
(7683, 551, 3) 52.62952205676983
(7733, 601, 3) 51.51292860150839
(7783, 651, 3) 52.41850595188271
(7833, 701, 3) 51.286290157867
(7883, 751, 3) 52.03016435223283
(7933, 801, 3) 52.28693350313317
(7983, 851, 3) 51.65366727920051
(8033, 901, 3) 51.61075433980845
(8083, 951, 3) 53.79167826863298
(8133, 1001, 3) 53.07398448533027
(8183, 1051, 3) 53.32934839802379
(8233, 1101, 3) 53.26493790508016
(8283, 1151, 3) 53.267241461123675
(8333, 1201, 3) 53.3395867543758
(8383, 1251, 3) 53.64390049809865
(8433, 1301, 3) 53.91830600989829
(8483, 1351, 3) 54.01897067523692
(8533, 1401, 3) 54.42648268540682
(8583, 1451, 3) 52.95182977657147
(8633, 1501, 3) 54.98928529869076
(8683, 1551, 3) 52.873920678144145
(8733, 1601, 3) 54.023131656263466
(8783, 1651, 3) 54.16336331916041
(8833, 1701, 3) 53.75820294591467
(8883, 1751, 3) 54.64404931175903
(8933, 1801, 3) 54.91947890368891
(8983, 1851, 3) 54.137634701323066
(9033, 1901, 3) 53.28568356524307
(9083, 1951, 3) 54.77340433985947
(9133, 2001, 3) 55.266320052351745
(9183, 2051, 3) 54.15058034783994
(9233, 2101, 3) 53.224270980359464
(9283, 2151, 3) 55.14266491081554
(9333, 2201, 3) 53.92650301126698
(9383, 2251, 3) 54.75771840249438
(9433, 2301, 3) 55.044163320485055
(9483, 2351, 3) 54.95770419651785
(9533, 2401, 3) 54.81906252615873
(9583, 2451, 3) 55.145782274418146
(9633, 2501, 3) 54.692377248624645
(9683, 2551, 3) 56.0722480044031
(9733, 2601, 3) 55.118247457446934
(9783, 2651, 3) 55.149899006758105
(9833, 2701, 3) 55.060164731666376
(9883, 2751, 3) 55.638585366027925
(9933, 2801, 3) 55.63666421122107
(9983, 2851, 3) 54.80560340589321
(10033, 2901, 3) 55.57036736605433
(10083, 2951, 3) 54.64120592884964
(10133, 3001, 3) 54.849897711734805
(10183, 3051, 3) 55.06146621707164
(10233, 3101, 3) 55.01079414373251
(10283, 3151, 3) 55.05135040503368
(10333, 3201, 3) 56.032350267624295
(10383, 3251, 3) 55.48438934594495
(10433, 3301, 3) 53.93226251984127
(10483, 3351, 3) 56.84837001445676
(10533, 3401, 3) 55.69124804291074
(10583, 3451, 3) 55.663424990843694
(10633, 3501, 3) 56.182236227086214
(10683, 3551, 3) 56.658070714229765
(10699, 1, 4) 56.37941822037551
(10749, 51, 4) 55.90778303259077
(10799, 101, 4) 55.26575775368132
(10849, 151, 4) 56.33336689030555
(10899, 201, 4) 55.468151652529215
(10949, 251, 4) 55.787947458839085
(10999, 301, 4) 55.92074214805817
(11049, 351, 4) 55.414693423868364
(11099, 401, 4) 56.81175655831746
(11149, 451, 4) 55.8276913675472
(11199, 501, 4) 55.57138814749318
(11249, 551, 4) 56.57251324726275
(11299, 601, 4) 55.807888532951196
(11349, 651, 4) 57.00875269093183
(11399, 701, 4) 55.67349521186149
(11449, 751, 4) 56.53919865473548
(11499, 801, 4) 55.23503286799871
(11549, 851, 4) 55.63997690295363
(11599, 901, 4) 55.49618661042764
(11649, 951, 4) 55.16195176880381
(11699, 1001, 4) 56.041766046937646
(11749, 1051, 4) 56.319748653124094
(11799, 1101, 4) 56.94763051075121
(11849, 1151, 4) 56.97756068875095
(11899, 1201, 4) 56.77789631042741
(11949, 1251, 4) 56.52566511997682
(11999, 1301, 4) 55.602903128148405
(12049, 1351, 4) 55.82131859450442
(12099, 1401, 4) 57.21417144691081
(12149, 1451, 4) 57.51986237636291
(12199, 1501, 4) 57.62754281849356
(12249, 1551, 4) 56.55481529470895
(12299, 1601, 4) 57.06204700163418
(12349, 1651, 4) 57.10275338589996
(12399, 1701, 4) 56.35856259032494
(12449, 1751, 4) 56.53228662307076
(12499, 1801, 4) 56.29168118951908
(12549, 1851, 4) 56.364089217936844
(12599, 1901, 4) 56.15378131946972
(12649, 1951, 4) 56.43167504783112
(12699, 2001, 4) 56.6197433889519
(12749, 2051, 4) 57.48358803386968
(12799, 2101, 4) 55.919824345231916
(12849, 2151, 4) 56.198095075629396
(12899, 2201, 4) 57.025815125797486
(12949, 2251, 4) 57.292233271587165
(12999, 2301, 4) 57.405277647948424
(13049, 2351, 4) 56.4735507856324
(13099, 2401, 4) 56.867279103523835
(13149, 2451, 4) 56.66709528517063
(13199, 2501, 4) 56.280012883518594
(13249, 2551, 4) 57.04047828185291
(13299, 2601, 4) 57.20115518455986
(13349, 2651, 4) 57.63601342462008
(13399, 2701, 4) 57.2737853611163
(13449, 2751, 4) 57.07853621759328
(13499, 2801, 4) 57.18126058638956
(13549, 2851, 4) 56.71421914863518
(13599, 2901, 4) 56.61231050354856
(13649, 2951, 4) 57.21631174315844
(13699, 3001, 4) 56.844134056312804
(13749, 3051, 4) 56.509039058443676
(13799, 3101, 4) 57.27938198686999
(13849, 3151, 4) 57.18402354149653
(13899, 3201, 4) 57.68991257892826
(13949, 3251, 4) 57.09307891685873
(13999, 3301, 4) 56.76529536942302
(14049, 3351, 4) 57.80912060144511
(14099, 3401, 4) 57.344348415601985
(14149, 3451, 4) 57.018007157915406
(14199, 3501, 4) 58.6897490564129
(14249, 3551, 4) 58.36468050671066
