(1, 1, 1) 32.08088214363579
(51, 51, 1) 35.84484601847621
(101, 101, 1) 31.507954737616444
(151, 151, 1) 35.891715030784155
(201, 201, 1) 32.180322292322494
(251, 251, 1) 32.17925001955797
(301, 301, 1) 36.47933512955117
(351, 351, 1) 36.80045766098913
(401, 401, 1) 33.92448508819504
(451, 451, 1) 32.16339824154577
(501, 501, 1) 32.16454111854089
(551, 551, 1) 32.16128667341588
(601, 601, 1) 32.23349398927214
(651, 651, 1) 32.23441858724302
(701, 701, 1) 32.44612323904975
(751, 751, 1) 33.00755923167605
(801, 801, 1) 33.81330371589309
(851, 851, 1) 33.37819518994613
(901, 901, 1) 34.016176140786186
(951, 951, 1) 35.74605087579215
(1001, 1001, 1) 36.46094319108634
(1051, 1051, 1) 37.20051227883989
(1101, 1101, 1) 37.447873107764686
(1151, 1151, 1) 37.57391457118065
(1201, 1201, 1) 37.26325125237285
(1251, 1251, 1) 37.57607670298598
(1301, 1301, 1) 37.71942644895065
(1351, 1351, 1) 37.53216444532234
(1401, 1401, 1) 37.53318177221886
(1451, 1451, 1) 37.69218664137692
(1501, 1501, 1) 37.761140435308214
(1551, 1551, 1) 37.85053563038368
(1601, 1601, 1) 37.918396251988014
(1651, 1651, 1) 37.89291690350417
(1701, 1701, 1) 37.77319906208688
(1751, 1751, 1) 37.96381461923883
(1801, 1801, 1) 37.63441700997833
(1851, 1851, 1) 37.79665827221305
(1901, 1901, 1) 37.56117549935669
(1951, 1951, 1) 38.00570242391233
(2001, 2001, 1) 37.8128771331447
(2051, 2051, 1) 37.72202513700221
(2101, 2101, 1) 37.54568142810894
(2151, 2151, 1) 37.83481748758978
(2201, 2201, 1) 37.676636084445335
(2251, 2251, 1) 38.101661437928946
(2301, 2301, 1) 37.892427188254366
(2351, 2351, 1) 38.02338641028675
(2401, 2401, 1) 38.213612110987235
(2451, 2451, 1) 38.21937106564701
(2501, 2501, 1) 38.52874842015158
(2551, 2551, 1) 38.26623781712337
(2601, 2601, 1) 38.176953056971534
(2651, 2651, 1) 38.28410783219068
(2701, 2701, 1) 38.277297381591815
(2751, 2751, 1) 38.24432417596478
(2801, 2801, 1) 37.87560575668997
(2851, 2851, 1) 38.44581442253485
(2901, 2901, 1) 38.123896038192065
(2951, 2951, 1) 38.35095472050969
(3001, 3001, 1) 38.50528881092861
(3051, 3051, 1) 38.10925000719849
(3101, 3101, 1) 38.01043012744492
(3151, 3151, 1) 38.49467643005976
(3201, 3201, 1) 38.2606244934446
(3251, 3251, 1) 38.28610702542628
(3301, 3301, 1) 38.640509032776
(3351, 3351, 1) 38.374986441405206
(3401, 3401, 1) 38.691975696149164
(3451, 3451, 1) 38.75128191934417
(3501, 3501, 1) 38.67375644878339
(3551, 3551, 1) 38.562085334828964
(3567, 1, 2) 38.826793717834825
(3617, 51, 2) 38.787878418304835
(3667, 101, 2) 38.7839851994793
(3717, 151, 2) 38.6541862970338
(3767, 201, 2) 38.607225243423585
(3817, 251, 2) 38.99665351107701
(3867, 301, 2) 39.045601245907754
(3917, 351, 2) 38.76489183112133
(3967, 401, 2) 38.88024437477591
(4017, 451, 2) 38.95530624620377
(4067, 501, 2) 38.92480199415812
(4117, 551, 2) 39.182674381459684
(4167, 601, 2) 38.83602987786194
(4217, 651, 2) 39.30692436585332
(4267, 701, 2) 39.22201467378613
(4317, 751, 2) 39.23449958552472
(4367, 801, 2) 39.403220851338915
(4417, 851, 2) 39.14405805809129
(4467, 901, 2) 39.434574546393605
(4517, 951, 2) 39.28440501936736
(4567, 1001, 2) 39.56889337099549
(4617, 1051, 2) 39.61637756711222
(4667, 1101, 2) 39.34044416363773
(4717, 1151, 2) 39.34136082499112
(4767, 1201, 2) 39.83013745837789
(4817, 1251, 2) 39.667031940278235
(4867, 1301, 2) 39.41918411515741
(4917, 1351, 2) 39.56126527433552
(4967, 1401, 2) 39.708082702114396
(5017, 1451, 2) 39.733059330460044
(5067, 1501, 2) 39.88916665244673
(5117, 1551, 2) 40.05850981775237
(5167, 1601, 2) 39.94462033899368
(5217, 1651, 2) 39.5291479490103
(5267, 1701, 2) 39.88142404422933
(5317, 1751, 2) 39.82165314707294
(5367, 1801, 2) 40.2521492883692
(5417, 1851, 2) 39.47086605694356
(5467, 1901, 2) 40.17456870447734
(5517, 1951, 2) 39.94143424961047
(5567, 2001, 2) 39.92742480954674
(5617, 2051, 2) 40.197301398906916
(5667, 2101, 2) 40.090802309180106
(5717, 2151, 2) 40.26177076212974
(5767, 2201, 2) 39.52468785998754
(5817, 2251, 2) 39.6036829135516
(5867, 2301, 2) 39.905581178176966
(5917, 2351, 2) 39.992197560891846
(5967, 2401, 2) 39.4506664947287
(6017, 2451, 2) 39.62245902798068
(6067, 2501, 2) 40.233254278111225
(6117, 2551, 2) 39.48023963774628
(6167, 2601, 2) 39.93318866474045
(6217, 2651, 2) 39.60211596099375
(6267, 2701, 2) 38.70593816496922
(6317, 2751, 2) 39.49971447793583
(6367, 2801, 2) 39.91779821033515
(6417, 2851, 2) 39.41830227820649
(6467, 2901, 2) 39.88493166508182
(6517, 2951, 2) 39.9002126845836
(6567, 3001, 2) 39.78273354426875
(6617, 3051, 2) 38.985294690963
(6667, 3101, 2) 39.13474160845316
(6717, 3151, 2) 39.68055166633519
(6767, 3201, 2) 39.48638568221357
(6817, 3251, 2) 39.14097010780285
(6867, 3301, 2) 39.65339578391045
(6917, 3351, 2) 38.94685444805668
(6967, 3401, 2) 39.36298208133175
(7017, 3451, 2) 39.85672136409934
(7067, 3501, 2) 39.57784735112042
(7117, 3551, 2) 39.24080200917485
(7133, 1, 3) 38.80232689794912
(7183, 51, 3) 39.83689676964926
(7233, 101, 3) 39.086404674014204
(7283, 151, 3) 38.895301650705306
(7333, 201, 3) 39.21315872221695
(7383, 251, 3) 40.03340887224527
(7433, 301, 3) 39.28599908185859
(7483, 351, 3) 38.911810569632415
(7533, 401, 3) 39.146246562076136
(7583, 451, 3) 39.48443693155109
(7633, 501, 3) 38.74163143568648
(7683, 551, 3) 38.67615965141628
(7733, 601, 3) 39.07873762056823
(7783, 651, 3) 39.09834480879863
(7833, 701, 3) 38.873626234468176
(7883, 751, 3) 38.61844242047487
(7933, 801, 3) 38.65516031696538
(7983, 851, 3) 38.837063364826825
(8033, 901, 3) 38.71769842528357
(8083, 951, 3) 38.886885310470355
(8133, 1001, 3) 37.99594606565332
(8183, 1051, 3) 38.55256411310997
(8233, 1101, 3) 38.27791070477851
(8283, 1151, 3) 37.738518683333474
(8333, 1201, 3) 38.96572823234367
(8383, 1251, 3) 38.440337847398666
(8433, 1301, 3) 38.143438867087774
(8483, 1351, 3) 38.01520678581998
(8533, 1401, 3) 38.7149153129748
(8583, 1451, 3) 38.958535105579166
(8633, 1501, 3) 38.87781899857125
(8683, 1551, 3) 38.86530941225571
(8733, 1601, 3) 38.30479271675159
(8783, 1651, 3) 37.812181582154786
(8833, 1701, 3) 37.8682231828076
(8883, 1751, 3) 38.48269686910243
(8933, 1801, 3) 38.50924418152174
(8983, 1851, 3) 38.94821861701237
(9033, 1901, 3) 38.20259372648107
(9083, 1951, 3) 38.491619212051944
(9133, 2001, 3) 37.63394303175085
(9183, 2051, 3) 37.779482741077025
(9233, 2101, 3) 38.740666507626486
(9283, 2151, 3) 37.8262002273082
(9333, 2201, 3) 37.38754844562174
(9383, 2251, 3) 37.886490544041955
(9433, 2301, 3) 37.715910012032445
(9483, 2351, 3) 38.115593231050376
(9533, 2401, 3) 37.514398519099636
(9583, 2451, 3) 36.90194120402904
(9633, 2501, 3) 38.037183573748294
(9683, 2551, 3) 36.932956786738124
(9733, 2601, 3) 38.01912748944904
(9783, 2651, 3) 37.52190784806276
(9833, 2701, 3) 37.40197375416212
(9883, 2751, 3) 37.57719656753608
(9933, 2801, 3) 37.48487771138576
(9983, 2851, 3) 38.24785285502844
(10033, 2901, 3) 37.07856810435592
(10083, 2951, 3) 38.42611552016245
(10133, 3001, 3) 37.9998705330171
(10183, 3051, 3) 38.22300431524014
(10233, 3101, 3) 37.77630485569998
(10283, 3151, 3) 37.76428563078301
(10333, 3201, 3) 37.844657558269716
(10383, 3251, 3) 38.36576327873298
(10433, 3301, 3) 38.518166044288854
(10483, 3351, 3) 36.58654851392558
(10533, 3401, 3) 37.778309453067415
(10583, 3451, 3) 38.75668345123741
(10633, 3501, 3) 37.613092600638
(10683, 3551, 3) 38.63259035605662
(10699, 1, 4) 37.00706372053069
(10749, 51, 4) 37.574185545447385
(10799, 101, 4) 37.51188172483029
(10849, 151, 4) 37.62970093556131
(10899, 201, 4) 37.61091229676068
(10949, 251, 4) 37.87457876157141
(10999, 301, 4) 38.45875735543877
(11049, 351, 4) 37.22331580512073
(11099, 401, 4) 36.67317319418348
(11149, 451, 4) 38.205919439613574
(11199, 501, 4) 36.57362389464409
(11249, 551, 4) 36.0732071483033
(11299, 601, 4) 38.053626622670464
(11349, 651, 4) 38.134120307965546
(11399, 701, 4) 36.88944874893914
(11449, 751, 4) 37.80128362682953
(11499, 801, 4) 36.39781746014919
(11549, 851, 4) 37.06912671771704
(11599, 901, 4) 37.63762584080177
(11649, 951, 4) 37.41622807682513
(11699, 1001, 4) 36.54988118468592
(11749, 1051, 4) 37.70971719934744
(11799, 1101, 4) 36.644437113787944
(11849, 1151, 4) 38.219204866107326
(11899, 1201, 4) 37.71926395730296
(11949, 1251, 4) 37.867313937614206
(11999, 1301, 4) 37.655396924542565
(12049, 1351, 4) 37.218549285982164
(12099, 1401, 4) 37.41489930795667
(12149, 1451, 4) 38.23718029734671
(12199, 1501, 4) 37.26085232549916
(12249, 1551, 4) 37.187347607263696
(12299, 1601, 4) 37.8002130820061
(12349, 1651, 4) 36.54718328820588
(12399, 1701, 4) 36.524836303587804
(12449, 1751, 4) 36.789829717242796
(12499, 1801, 4) 37.071743707018165
(12549, 1851, 4) 37.272310582301905
(12599, 1901, 4) 37.6762650653568
(12649, 1951, 4) 36.46369496722432
(12699, 2001, 4) 36.887961520401404
(12749, 2051, 4) 36.99407555105625
(12799, 2101, 4) 37.78890523184069
(12849, 2151, 4) 36.820767537780135
(12899, 2201, 4) 36.80701953988069
(12949, 2251, 4) 37.60506342896013
(12999, 2301, 4) 37.17312044883274
(13049, 2351, 4) 36.887413269872845
(13099, 2401, 4) 35.884194518122676
(13149, 2451, 4) 36.60287011236536
(13199, 2501, 4) 37.967424513825506
(13249, 2551, 4) 35.339722502107236
(13299, 2601, 4) 37.41959876080871
(13349, 2651, 4) 36.264755599406215
(13399, 2701, 4) 36.02196851532657
(13449, 2751, 4) 36.96112341597735
(13499, 2801, 4) 37.045268320873134
(13549, 2851, 4) 35.63053657107661
(13599, 2901, 4) 37.11791041097368
(13649, 2951, 4) 37.060537371993775
(13699, 3001, 4) 37.59997602169388
(13749, 3051, 4) 36.872124840002364
(13799, 3101, 4) 37.306328600321166
(13849, 3151, 4) 37.646508376760075
(13899, 3201, 4) 37.49131892199539
(13949, 3251, 4) 37.2076466328922
(13999, 3301, 4) 37.21513645779302
(14049, 3351, 4) 36.37690727373589
(14099, 3401, 4) 36.4447865334451
(14149, 3451, 4) 37.6827752491186
(14199, 3501, 4) 36.70284676032875
(14249, 3551, 4) 37.71914906882063
