(1, 1, 1) 0.024612862636200265
(51, 51, 1) 0.20329953554016253
(101, 101, 1) 0.15834106379862703
(151, 151, 1) 0.3573848010481382
(201, 201, 1) 0.5829277652236627
(251, 251, 1) 0.5771119842829077
(301, 301, 1) 0.7574757686356857
(351, 351, 1) 1.2532612608847906
(401, 401, 1) 0.7065078542071349
(451, 451, 1) 0.5295566502463055
(501, 501, 1) 0.5300788954635108
(551, 551, 1) 0.5290354330708662
(601, 601, 1) 0.5937954435288414
(651, 651, 1) 0.4714700193423597
(701, 701, 1) 0.7230806574878081
(751, 751, 1) 0.9127496635000694
(801, 801, 1) 1.0797687969001726
(851, 851, 1) 1.051060841012561
(901, 901, 1) 1.316906828291061
(951, 951, 1) 1.7043139573993387
(1001, 1001, 1) 2.025390996561757
(1051, 1051, 1) 2.074541632625723
(1101, 1101, 1) 2.369251713445136
(1151, 1151, 1) 2.2750117116259623
(1201, 1201, 1) 2.0140771479190267
(1251, 1251, 1) 2.2395167301003207
(1301, 1301, 1) 2.1122171155308567
(1351, 1351, 1) 2.5425580498759253
(1401, 1401, 1) 2.3735592083721713
(1451, 1451, 1) 2.527474477214832
(1501, 1501, 1) 2.370148095995665
(1551, 1551, 1) 2.4761918666893883
(1601, 1601, 1) 2.589336342572403
(1651, 1651, 1) 2.787639822284832
(1701, 1701, 1) 2.713549802416189
(1751, 1751, 1) 2.861724985383217
(1801, 1801, 1) 2.3329536613666795
(1851, 1851, 1) 2.66991285626328
(1901, 1901, 1) 2.475247828579805
(1951, 1951, 1) 2.7298793383206474
(2001, 2001, 1) 3.0022367078186956
(2051, 2051, 1) 2.328201314315007
(2101, 2101, 1) 2.8039405902651215
(2151, 2151, 1) 2.562725341956727
(2201, 2201, 1) 2.720279376669301
(2251, 2251, 1) 3.0020662415450796
(2301, 2301, 1) 3.1913183624889383
(2351, 2351, 1) 2.9024817763111175
(2401, 2401, 1) 3.202031081182355
(2451, 2451, 1) 3.2456145692454625
(2501, 2501, 1) 3.283292760105133
(2551, 2551, 1) 2.6215538542675616
(2601, 2601, 1) 2.8252061934144677
(2651, 2651, 1) 2.931296925874595
(2701, 2701, 1) 2.7938096334677804
(2751, 2751, 1) 2.9743842567858723
(2801, 2801, 1) 3.039665050948306
(2851, 2851, 1) 2.9298130890274625
(2901, 2901, 1) 2.909909737028776
(2951, 2951, 1) 3.119951526449447
(3001, 3001, 1) 3.090780391715877
(3051, 3051, 1) 3.197293860741107
(3101, 3101, 1) 2.694273239258595
(3151, 3151, 1) 3.039077626569839
(3201, 3201, 1) 2.7392133871905453
(3251, 3251, 1) 3.0091367534151274
(3301, 3301, 1) 2.98070726438572
(3351, 3351, 1) 2.9805520709606004
(3401, 3401, 1) 3.191100677607276
(3451, 3451, 1) 3.137684323904094
(3501, 3501, 1) 2.9497244477634137
(3551, 3551, 1) 3.0512900411951276
(3567, 1, 2) 2.962760737342798
(3617, 51, 2) 3.1697333028369803
(3667, 101, 2) 3.0153534157201816
(3717, 151, 2) 3.0823980723662228
(3767, 201, 2) 3.0252956303509744
(3817, 251, 2) 2.975918273378923
(3867, 301, 2) 2.9645837811444204
(3917, 351, 2) 2.641467970412572
(3967, 401, 2) 2.972147970041028
(4017, 451, 2) 2.7594718962743823
(4067, 501, 2) 3.017596208214231
(4117, 551, 2) 2.812114048502034
(4167, 601, 2) 2.7930892383440047
(4217, 651, 2) 2.9579186811370684
(4267, 701, 2) 3.1456846720154577
(4317, 751, 2) 2.982837702977452
(4367, 801, 2) 2.9971579727390263
(4417, 851, 2) 2.889785728918679
(4467, 901, 2) 2.9634897728396683
(4517, 951, 2) 3.067524600420866
(4567, 1001, 2) 3.0942626420489523
(4617, 1051, 2) 3.4052302672911816
(4667, 1101, 2) 3.145037065896894
(4717, 1151, 2) 2.7835363154310495
(4767, 1201, 2) 2.9629807816258436
(4817, 1251, 2) 3.098605440477805
(4867, 1301, 2) 2.872255692607234
(4917, 1351, 2) 2.990530050645451
(4967, 1401, 2) 3.0056788605196734
(5017, 1451, 2) 2.9525507078017608
(5067, 1501, 2) 3.3366544489077845
(5117, 1551, 2) 3.176924747076276
(5167, 1601, 2) 3.0739234616601587
(5217, 1651, 2) 3.14033312909762
(5267, 1701, 2) 2.7740721763646268
(5317, 1751, 2) 3.2600434443136406
(5367, 1801, 2) 3.094830337027682
(5417, 1851, 2) 2.9901894177649684
(5467, 1901, 2) 3.032131363220942
(5517, 1951, 2) 3.0628203068652318
(5567, 2001, 2) 2.92356403805794
(5617, 2051, 2) 3.0689044599637234
(5667, 2101, 2) 3.0718907057831193
(5717, 2151, 2) 3.060509550909352
(5767, 2201, 2) 2.90985410459646
(5817, 2251, 2) 3.053741455127822
(5867, 2301, 2) 3.1949193025561464
(5917, 2351, 2) 2.952823894976506
(5967, 2401, 2) 3.187734375570735
(6017, 2451, 2) 3.131525476354731
(6067, 2501, 2) 3.3492402450879206
(6117, 2551, 2) 3.1837438682281145
(6167, 2601, 2) 3.1101984124189177
(6217, 2651, 2) 3.0370112637011877
(6267, 2701, 2) 3.0212717862492076
(6317, 2751, 2) 3.358037160703979
(6367, 2801, 2) 3.4685674900115306
(6417, 2851, 2) 3.182546890342049
(6467, 2901, 2) 3.2222455621994945
(6517, 2951, 2) 3.3408912778566924
(6567, 3001, 2) 3.3581055850810246
(6617, 3051, 2) 2.8677112592026774
(6667, 3101, 2) 3.0935118865086073
(6717, 3151, 2) 3.4708743244143747
(6767, 3201, 2) 3.2621856176584774
(6817, 3251, 2) 3.0992035261599575
(6867, 3301, 2) 3.091760790953811
(6917, 3351, 2) 3.14018779124587
(6967, 3401, 2) 3.15086275385268
(7017, 3451, 2) 3.425588184681943
(7067, 3501, 2) 3.342780928085047
(7117, 3551, 2) 3.084963069060088
(7133, 1, 3) 3.209031705174464
(7183, 51, 3) 3.475850733466293
(7233, 101, 3) 3.187433491604277
(7283, 151, 3) 3.267512404854734
(7333, 201, 3) 3.438342198372138
(7383, 251, 3) 3.6670405560242383
(7433, 301, 3) 3.5001632104321714
(7483, 351, 3) 3.4173734554571675
(7533, 401, 3) 3.1377544998139606
(7583, 451, 3) 3.85484421758406
(7633, 501, 3) 3.4219818933735775
(7683, 551, 3) 3.307403670824073
(7733, 601, 3) 3.689146365004483
(7783, 651, 3) 3.517080848075603
(7833, 701, 3) 3.4973288334268235
(7883, 751, 3) 3.669336525303642
(7933, 801, 3) 3.595344458429535
(7983, 851, 3) 3.569964117611782
(8033, 901, 3) 3.692363144823031
(8083, 951, 3) 3.8573829824197574
(8133, 1001, 3) 3.6651963766900817
(8183, 1051, 3) 3.6221570558775165
(8233, 1101, 3) 3.69867992543797
(8283, 1151, 3) 3.7276435886865604
(8333, 1201, 3) 3.957712156889716
(8383, 1251, 3) 3.906407932477941
(8433, 1301, 3) 3.687752857635248
(8483, 1351, 3) 3.813639033613296
(8533, 1401, 3) 3.8369385146155026
(8583, 1451, 3) 3.586078989170193
(8633, 1501, 3) 3.8883983893230076
(8683, 1551, 3) 3.653063895264404
(8733, 1601, 3) 3.762103450750182
(8783, 1651, 3) 3.550501014729831
(8833, 1701, 3) 3.7737028383143203
(8883, 1751, 3) 3.9168110140891823
(8933, 1801, 3) 3.7781968325004778
(8983, 1851, 3) 3.8163329429021395
(9033, 1901, 3) 3.5139306262644254
(9083, 1951, 3) 4.169928580721056
(9133, 2001, 3) 3.6776743184353644
(9183, 2051, 3) 3.5900700751655226
(9233, 2101, 3) 3.9434651893862775
(9283, 2151, 3) 3.897938070655835
(9333, 2201, 3) 3.741683034065097
(9383, 2251, 3) 3.657500066368617
(9433, 2301, 3) 3.8641826925408997
(9483, 2351, 3) 4.3556167740096585
(9533, 2401, 3) 3.90411160852809
(9583, 2451, 3) 3.8021606753827215
(9633, 2501, 3) 4.051416449971232
(9683, 2551, 3) 3.7826979054377476
(9733, 2601, 3) 3.5787416789229516
(9783, 2651, 3) 3.806193535330958
(9833, 2701, 3) 3.952482791086175
(9883, 2751, 3) 3.8290988430482154
(9933, 2801, 3) 3.9212035798976217
(9983, 2851, 3) 4.231392790256719
(10033, 2901, 3) 3.6961496452084948
(10083, 2951, 3) 3.8505127343706995
(10133, 3001, 3) 3.8910521753013314
(10183, 3051, 3) 4.153866258520113
(10233, 3101, 3) 3.9665508946953505
(10283, 3151, 3) 3.4349382221897673
(10333, 3201, 3) 4.1311109006859965
(10383, 3251, 3) 4.211991633925219
(10433, 3301, 3) 4.392516656213193
(10483, 3351, 3) 3.7587509189708537
(10533, 3401, 3) 4.240608458054618
(10583, 3451, 3) 4.417321438605971
(10633, 3501, 3) 4.048977356552919
(10683, 3551, 3) 4.146430573486081
(10699, 1, 4) 3.960661450765416
(10749, 51, 4) 4.136206844051949
(10799, 101, 4) 3.9784018302241106
(10849, 151, 4) 4.125580722560691
(10899, 201, 4) 4.137236478709915
(10949, 251, 4) 4.06583379849188
(10999, 301, 4) 4.362370163265872
(11049, 351, 4) 4.1090562803877
(11099, 401, 4) 4.110076693645124
(11149, 451, 4) 4.338985179815926
(11199, 501, 4) 4.036934869427094
(11249, 551, 4) 4.1600355053288265
(11299, 601, 4) 4.354957580990927
(11349, 651, 4) 4.21911955499557
(11399, 701, 4) 4.194074200978195
(11449, 751, 4) 4.3034771223034225
(11499, 801, 4) 4.182165780389814
(11549, 851, 4) 4.265827097020482
(11599, 901, 4) 4.294536054994697
(11649, 951, 4) 4.649067738917203
(11699, 1001, 4) 4.264869895309066
(11749, 1051, 4) 4.391257471273465
(11799, 1101, 4) 4.489076932186607
(11849, 1151, 4) 4.818244294312126
(11899, 1201, 4) 4.447220412731278
(11949, 1251, 4) 4.76040819936437
(11999, 1301, 4) 4.357652766085872
(12049, 1351, 4) 4.360361309272482
(12099, 1401, 4) 4.558030745667754
(12149, 1451, 4) 4.437236205652292
(12199, 1501, 4) 4.4098544692468655
(12249, 1551, 4) 4.399452918742738
(12299, 1601, 4) 4.668965800774489
(12349, 1651, 4) 4.582012759385703
(12399, 1701, 4) 4.354358365500274
(12449, 1751, 4) 4.487907233139891
(12499, 1801, 4) 4.464102593523304
(12549, 1851, 4) 4.816899312656936
(12599, 1901, 4) 4.695735812784129
(12649, 1951, 4) 4.743422813029686
(12699, 2001, 4) 4.537875663152582
(12749, 2051, 4) 4.710010790398103
(12799, 2101, 4) 4.952119458212898
(12849, 2151, 4) 4.840094993806923
(12899, 2201, 4) 4.691092179795711
(12949, 2251, 4) 4.732394967439169
(12999, 2301, 4) 4.852931550815047
(13049, 2351, 4) 4.711265331821483
(13099, 2401, 4) 4.660319548863315
(13149, 2451, 4) 4.798118082423792
(13199, 2501, 4) 4.801852221348182
(13249, 2551, 4) 4.5399516757557725
(13299, 2601, 4) 4.934187634507214
(13349, 2651, 4) 4.6372923735386085
(13399, 2701, 4) 4.689772958551336
(13449, 2751, 4) 4.745907685841789
(13499, 2801, 4) 4.73488907046756
(13549, 2851, 4) 4.444027656804097
(13599, 2901, 4) 4.8105552173319985
(13649, 2951, 4) 4.635071645896087
(13699, 3001, 4) 4.422139223935434
(13749, 3051, 4) 4.675353243384562
(13799, 3101, 4) 4.8113829762435625
(13849, 3151, 4) 4.697992428138951
(13899, 3201, 4) 4.421358551166257
(13949, 3251, 4) 4.866284457089739
(13999, 3301, 4) 4.666821813539323
(14049, 3351, 4) 4.747163665395426
(14099, 3401, 4) 4.814550764783298
(14149, 3451, 4) 4.967517599874771
(14199, 3501, 4) 4.884039272965747
(14249, 3551, 4) 4.646650493176752
