(1, 1, 1) 75.22023868606854
(51, 51, 1) 76.2245628191712
(101, 101, 1) 75.08272534400801
(151, 151, 1) 76.2240935911301
(201, 201, 1) 74.84241834365903
(251, 251, 1) 74.84241834365903
(301, 301, 1) 76.02383131842797
(351, 351, 1) 75.58561593893289
(401, 401, 1) 75.28367583828779
(451, 451, 1) 74.84241834365903
(501, 501, 1) 74.84289991771027
(551, 551, 1) 74.84145533308995
(601, 601, 1) 74.81748641059471
(651, 651, 1) 74.83042442518446
(701, 701, 1) 74.77963321071299
(751, 751, 1) 74.76843184286162
(801, 801, 1) 74.97045277530304
(851, 851, 1) 74.80403538479663
(901, 901, 1) 74.83098736582039
(951, 951, 1) 75.29078991255042
(1001, 1001, 1) 75.30568689171405
(1051, 1051, 1) 75.499330778388
(1101, 1101, 1) 75.50562597621509
(1151, 1151, 1) 75.39629987265265
(1201, 1201, 1) 75.22433668801357
(1251, 1251, 1) 75.39879581867446
(1301, 1301, 1) 75.27061470007772
(1351, 1351, 1) 75.20125148515194
(1401, 1401, 1) 75.26894835555194
(1451, 1451, 1) 74.93944552319492
(1501, 1501, 1) 75.0427000867517
(1551, 1551, 1) 75.07033642361851
(1601, 1601, 1) 75.1667917867988
(1651, 1651, 1) 75.2377244269082
(1701, 1701, 1) 74.89120254363854
(1751, 1751, 1) 75.02748468180458
(1801, 1801, 1) 74.95605298668116
(1851, 1851, 1) 75.02987037158864
(1901, 1901, 1) 74.88416597724786
(1951, 1951, 1) 74.99195681594063
(2001, 2001, 1) 74.9440366663966
(2051, 2051, 1) 74.72118905078673
(2101, 2101, 1) 74.94716577117485
(2151, 2151, 1) 74.84059056102254
(2201, 2201, 1) 74.881312852757
(2251, 2251, 1) 74.89498919142653
(2301, 2301, 1) 74.70434136248369
(2351, 2351, 1) 74.82693261176843
(2401, 2401, 1) 74.81612475422075
(2451, 2451, 1) 74.66287393297367
(2501, 2501, 1) 74.9318912925848
(2551, 2551, 1) 74.72154613854534
(2601, 2601, 1) 74.75631085232828
(2651, 2651, 1) 74.7325292541491
(2701, 2701, 1) 74.81663215382574
(2751, 2751, 1) 74.53738950401558
(2801, 2801, 1) 74.41014461365002
(2851, 2851, 1) 74.82769630461131
(2901, 2901, 1) 74.80439911209973
(2951, 2951, 1) 74.74937682288505
(3001, 3001, 1) 74.66389017848716
(3051, 3051, 1) 74.79026401007413
(3101, 3101, 1) 74.47413280567913
(3151, 3151, 1) 74.45775600760219
(3201, 3201, 1) 74.1568539765845
(3251, 3251, 1) 74.29237861705118
(3301, 3301, 1) 74.4679593592749
(3351, 3351, 1) 74.24399833476795
(3401, 3401, 1) 74.36930315496414
(3451, 3451, 1) 74.40325841643876
(3501, 3501, 1) 74.46883711403682
(3551, 3551, 1) 74.30777757342335
(3567, 1, 2) 74.18548059905166
(3617, 51, 2) 74.34439604787242
(3667, 101, 2) 74.06465015895472
(3717, 151, 2) 74.1222127571493
(3767, 201, 2) 73.76912281050774
(3817, 251, 2) 73.28485794147242
(3867, 301, 2) 73.78574487912182
(3917, 351, 2) 73.72547794924508
(3967, 401, 2) 73.35238741707751
(4017, 451, 2) 72.76730606001875
(4067, 501, 2) 73.40335818832311
(4117, 551, 2) 72.88647196077228
(4167, 601, 2) 73.24147719612311
(4217, 651, 2) 73.28341280534906
(4267, 701, 2) 73.67638955546916
(4317, 751, 2) 72.39593848889095
(4367, 801, 2) 72.10508813051455
(4417, 851, 2) 72.65072711646626
(4467, 901, 2) 72.59605103555305
(4517, 951, 2) 71.64051177835071
(4567, 1001, 2) 72.04044782368165
(4617, 1051, 2) 72.61650699576133
(4667, 1101, 2) 71.33289744928997
(4717, 1151, 2) 70.61004759022804
(4767, 1201, 2) 71.48554155586825
(4817, 1251, 2) 71.32478649664272
(4867, 1301, 2) 70.54025948487595
(4917, 1351, 2) 71.00738771898553
(4967, 1401, 2) 69.67167815700873
(5017, 1451, 2) 70.4348661088729
(5067, 1501, 2) 71.3416651266811
(5117, 1551, 2) 70.93096810654463
(5167, 1601, 2) 70.15277976937664
(5217, 1651, 2) 69.3024337160021
(5267, 1701, 2) 68.97483873865967
(5317, 1751, 2) 70.0937464010005
(5367, 1801, 2) 70.59174359899654
(5417, 1851, 2) 69.72931761308992
(5467, 1901, 2) 69.83409129872904
(5517, 1951, 2) 69.29479638676531
(5567, 2001, 2) 69.12794260590152
(5617, 2051, 2) 69.01701478345103
(5667, 2101, 2) 70.13601697210319
(5717, 2151, 2) 70.4996087998303
(5767, 2201, 2) 67.61664715663221
(5817, 2251, 2) 68.36880838362326
(5867, 2301, 2) 68.38731357151812
(5917, 2351, 2) 68.79109095772216
(5967, 2401, 2) 67.12121282492124
(6017, 2451, 2) 66.19058815818187
(6067, 2501, 2) 67.54390517600596
(6117, 2551, 2) 66.78365941204792
(6167, 2601, 2) 65.91276050858326
(6217, 2651, 2) 66.50761042315617
(6267, 2701, 2) 63.809732822668465
(6317, 2751, 2) 65.44080828254066
(6367, 2801, 2) 65.68685029338201
(6417, 2851, 2) 65.8291312313698
(6467, 2901, 2) 65.69268426316117
(6517, 2951, 2) 67.1027603532772
(6567, 3001, 2) 65.37971089957676
(6617, 3051, 2) 63.64194813185756
(6667, 3101, 2) 63.22171033563792
(6717, 3151, 2) 64.26893869824846
(6767, 3201, 2) 64.68630807504904
(6817, 3251, 2) 64.28418778317997
(6867, 3301, 2) 64.39664934260662
(6917, 3351, 2) 61.63684537765969
(6967, 3401, 2) 65.25329334752104
(7017, 3451, 2) 66.23356944887229
(7067, 3501, 2) 65.33563901304358
(7117, 3551, 2) 63.654540000426465
(7133, 1, 3) 63.70027861629195
(7183, 51, 3) 64.60634354808779
(7233, 101, 3) 61.71010446892483
(7283, 151, 3) 61.46156023804992
(7333, 201, 3) 61.03373102193087
(7383, 251, 3) 63.04603657662617
(7433, 301, 3) 61.23352197696956
(7483, 351, 3) 60.33328597887749
(7533, 401, 3) 60.92049254421935
(7583, 451, 3) 64.35243713523452
(7633, 501, 3) 60.834647485860735
(7683, 551, 3) 60.116568190398866
(7733, 601, 3) 62.047340469795806
(7783, 651, 3) 61.37664163118372
(7833, 701, 3) 61.85148613167451
(7883, 751, 3) 60.180346323668346
(7933, 801, 3) 60.10778871656337
(7983, 851, 3) 61.302913689511044
(8033, 901, 3) 60.86968222318484
(8083, 951, 3) 59.051386556904795
(8133, 1001, 3) 57.30066819407781
(8183, 1051, 3) 58.74713455260352
(8233, 1101, 3) 57.9185087777018
(8283, 1151, 3) 56.283799049798255
(8333, 1201, 3) 59.6373881788532
(8383, 1251, 3) 57.82455434680317
(8433, 1301, 3) 56.88754638089853
(8483, 1351, 3) 56.28523596447623
(8533, 1401, 3) 57.94285625046614
(8583, 1451, 3) 60.37430890295155
(8633, 1501, 3) 57.8239583984024
(8683, 1551, 3) 60.10175000925615
(8733, 1601, 3) 57.19594677770442
(8783, 1651, 3) 55.80519804562811
(8833, 1701, 3) 56.14549977026818
(8883, 1751, 3) 56.96191592518377
(8933, 1801, 3) 56.90836155538606
(8983, 1851, 3) 58.95329844065987
(9033, 1901, 3) 57.8670004672439
(9083, 1951, 3) 56.61137535050601
(9133, 2001, 3) 54.06986874979918
(9183, 2051, 3) 55.68309297533577
(9233, 2101, 3) 59.11034818327005
(9283, 2151, 3) 54.544622391817455
(9333, 2201, 3) 54.58988878278558
(9383, 2251, 3) 55.33766224394421
(9433, 2301, 3) 54.34734460578341
(9483, 2351, 3) 55.13480996500609
(9533, 2401, 3) 53.92868271703677
(9583, 2451, 3) 51.89476271081676
(9633, 2501, 3) 55.46196248091467
(9683, 2551, 3) 51.109739003992146
(9733, 2601, 3) 55.46399862634649
(9783, 2651, 3) 53.73026931544891
(9833, 2701, 3) 53.31789490379083
(9883, 2751, 3) 53.390738384593384
(9933, 2801, 3) 53.03329973147963
(9983, 2851, 3) 55.80552690241555
(10033, 2901, 3) 52.11441900052072
(10083, 2951, 3) 56.873886072973
(10133, 3001, 3) 55.36481458678805
(10183, 3051, 3) 55.57092673318631
(10233, 3101, 3) 54.466411195522234
(10283, 3151, 3) 54.92149476991355
(10333, 3201, 3) 53.51166566861969
(10383, 3251, 3) 55.52083613555329
(10433, 3301, 3) 57.31662148633527
(10483, 3351, 3) 49.3561926260045
(10533, 3401, 3) 53.54073224668237
(10583, 3451, 3) 56.297205446343646
(10633, 3501, 3) 52.75494699594733
(10683, 3551, 3) 55.2261360311801
(10699, 1, 4) 50.85447655699037
(10749, 51, 4) 52.82510798276731
(10799, 101, 4) 53.424839211174614
(10849, 151, 4) 52.583972545747756
(10899, 201, 4) 53.365052717145915
(10949, 251, 4) 53.90548435852022
(10999, 301, 4) 55.22296101962496
(11049, 351, 4) 52.291106327118634
(11099, 401, 4) 49.29915963287307
(11149, 451, 4) 54.578411806551344
(11199, 501, 4) 50.28023081825433
(11249, 551, 4) 47.70601340231976
(11299, 601, 4) 54.13741683059511
(11349, 651, 4) 53.33691902767643
(11399, 701, 4) 50.97039658507142
(11449, 751, 4) 52.7241111818468
(11499, 801, 4) 49.94973772128727
(11549, 851, 4) 51.459971146548774
(11599, 901, 4) 53.2693636575918
(11649, 951, 4) 52.583011620990206
(11699, 1001, 4) 49.53632646516727
(11749, 1051, 4) 52.574122376641185
(11799, 1101, 4) 48.71133188865758
(11849, 1151, 4) 53.03304444569778
(11899, 1201, 4) 52.11028726570448
(11949, 1251, 4) 52.48878223447638
(11999, 1301, 4) 53.16052842054475
(12049, 1351, 4) 51.641854597023254
(12099, 1401, 4) 50.66952575461199
(12149, 1451, 4) 52.93324466706599
(12199, 1501, 4) 49.95887703771532
(12249, 1551, 4) 50.793718078399394
(12299, 1601, 4) 51.85612850498682
(12349, 1651, 4) 48.18515684231309
(12399, 1701, 4) 49.06177989064007
(12449, 1751, 4) 49.54806145422992
(12499, 1801, 4) 50.64744330920945
(12549, 1851, 4) 50.8261360931061
(12599, 1901, 4) 52.355072086925446
(12649, 1951, 4) 48.43069081259795
(12699, 2001, 4) 49.70700274442029
(12749, 2051, 4) 49.01182773002314
(12799, 2101, 4) 52.66551487789701
(12849, 2151, 4) 49.62500063453202
(12899, 2201, 4) 48.922278767581005
(12949, 2251, 4) 50.995146774600684
(12999, 2301, 4) 49.476287628820174
(13049, 2351, 4) 49.678823350564535
(13099, 2401, 4) 46.36782952795776
(13149, 2451, 4) 48.55710755988733
(13199, 2501, 4) 52.99338853291218
(13249, 2551, 4) 44.70297173382833
(13299, 2601, 4) 50.331816466182765
(13349, 2651, 4) 46.77298696957566
(13399, 2701, 4) 46.354357100132034
(13449, 2751, 4) 49.275965850788616
(13499, 2801, 4) 49.43654045143381
(13549, 2851, 4) 45.977193063863346
(13599, 2901, 4) 50.13720689418809
(13649, 2951, 4) 49.54973265701188
(13699, 3001, 4) 51.72801390461758
(13749, 3051, 4) 49.64783488914651
(13799, 3101, 4) 50.0431090437235
(13849, 3151, 4) 51.25992617928845
(13899, 3201, 4) 50.57643809617641
(13949, 3251, 4) 49.87597026289806
(13999, 3301, 4) 50.41870680297009
(14049, 3351, 4) 46.83531798499037
(14099, 3401, 4) 47.418817231224814
(14149, 3451, 4) 51.26190416297363
(14199, 3501, 4) 46.80622556510637
(14249, 3551, 4) 50.37556383081253
