(1, 1, 1) 8.0476291072394
(51, 51, 1) 10.799149126151017
(101, 101, 1) 31.09604958109296
(151, 151, 1) 14.67289425943995
(201, 201, 1) 29.085076328899028
(251, 251, 1) 21.563341528499226
(301, 301, 1) 26.65884738410229
(351, 351, 1) 26.373053312563872
(401, 401, 1) 13.94762326789486
(451, 451, 1) 11.429849615095758
(501, 501, 1) 11.490674888764977
(551, 551, 1) 10.95184112079104
(601, 601, 1) 11.95532617722077
(651, 651, 1) 16.445412328012285
(701, 701, 1) 13.692948560224286
(751, 751, 1) 14.98987129055665
(801, 801, 1) 17.370392554076318
(851, 851, 1) 15.398140764080628
(901, 901, 1) 20.417859402209423
(951, 951, 1) 26.421475705519747
(1001, 1001, 1) 29.69079783730856
(1051, 1051, 1) 31.90992610898559
(1101, 1101, 1) 32.05594448508135
(1151, 1151, 1) 31.802413758494396
(1201, 1201, 1) 29.57085091977619
(1251, 1251, 1) 30.557364650141324
(1301, 1301, 1) 33.23178363145563
(1351, 1351, 1) 29.548294677273002
(1401, 1401, 1) 31.552742575484277
(1451, 1451, 1) 31.81676808379907
(1501, 1501, 1) 33.641680974409844
(1551, 1551, 1) 32.26138407865783
(1601, 1601, 1) 34.00525332275882
(1651, 1651, 1) 35.77968343537124
(1701, 1701, 1) 33.14349722073805
(1751, 1751, 1) 32.77498935494063
(1801, 1801, 1) 33.84825259517795
(1851, 1851, 1) 33.518703257027276
(1901, 1901, 1) 34.25700719567165
(1951, 1951, 1) 33.81423859878993
(2001, 2001, 1) 31.449765290167832
(2051, 2051, 1) 32.3632675173272
(2101, 2101, 1) 31.31932850172076
(2151, 2151, 1) 32.618018671104096
(2201, 2201, 1) 31.962346648545044
(2251, 2251, 1) 33.36348116933456
(2301, 2301, 1) 31.63649874018369
(2351, 2351, 1) 34.825436838791994
(2401, 2401, 1) 35.08781543259397
(2451, 2451, 1) 33.70420177146442
(2501, 2501, 1) 35.64915719974922
(2551, 2551, 1) 35.562207618521064
(2601, 2601, 1) 32.12318436090535
(2651, 2651, 1) 33.90587263554175
(2701, 2701, 1) 36.58072832052312
(2751, 2751, 1) 32.905771400595754
(2801, 2801, 1) 32.07678988601106
(2851, 2851, 1) 34.55614740819136
(2901, 2901, 1) 32.03601427195841
(2951, 2951, 1) 34.23465947873516
(3001, 3001, 1) 33.888387429144466
(3051, 3051, 1) 32.76297039689667
(3101, 3101, 1) 33.41333591937221
(3151, 3151, 1) 34.06236331142969
(3201, 3201, 1) 35.21761222901241
(3251, 3251, 1) 33.15102806737399
(3301, 3301, 1) 35.90985598669982
(3351, 3351, 1) 34.526775953626164
(3401, 3401, 1) 36.488571990217636
(3451, 3451, 1) 36.38053822626415
(3501, 3501, 1) 36.94304918229381
(3551, 3551, 1) 37.137144377329726
(3567, 1, 2) 37.43840474130905
(3617, 51, 2) 36.70026935334329
(3667, 101, 2) 36.302755195602565
(3717, 151, 2) 35.54108196919046
(3767, 201, 2) 36.424359022104525
(3817, 251, 2) 36.804513175429406
(3867, 301, 2) 39.13639513300263
(3917, 351, 2) 37.92526140544174
(3967, 401, 2) 37.89775886315056
(4017, 451, 2) 37.43684619851509
(4067, 501, 2) 37.56874698646635
(4117, 551, 2) 38.7259885382752
(4167, 601, 2) 35.57089708367818
(4217, 651, 2) 38.78604077912755
(4267, 701, 2) 38.75507081516947
(4317, 751, 2) 39.63438289820318
(4367, 801, 2) 40.69224186457493
(4417, 851, 2) 39.4589900203893
(4467, 901, 2) 41.351496001660934
(4517, 951, 2) 39.4487168686912
(4567, 1001, 2) 40.689628892733396
(4617, 1051, 2) 40.0585918318165
(4667, 1101, 2) 39.294413522423795
(4717, 1151, 2) 41.1236167637587
(4767, 1201, 2) 41.85953428337319
(4817, 1251, 2) 42.07217836249369
(4867, 1301, 2) 40.10040171234242
(4917, 1351, 2) 41.01909384698499
(4967, 1401, 2) 42.26282413391642
(5017, 1451, 2) 42.63654882875036
(5067, 1501, 2) 41.22834067723314
(5117, 1551, 2) 43.58370162542947
(5167, 1601, 2) 43.07226442963682
(5217, 1651, 2) 41.802199460908255
(5267, 1701, 2) 45.113389093075206
(5317, 1751, 2) 40.96433699817709
(5367, 1801, 2) 43.908902374125816
(5417, 1851, 2) 43.01035107977665
(5467, 1901, 2) 43.64760902656522
(5517, 1951, 2) 43.0848478524392
(5567, 2001, 2) 43.63013490489851
(5617, 2051, 2) 44.47112266647133
(5667, 2101, 2) 44.50854039196093
(5717, 2151, 2) 45.01801881231339
(5767, 2201, 2) 44.81785651628394
(5817, 2251, 2) 44.86165319473041
(5867, 2301, 2) 44.33207753666633
(5917, 2351, 2) 43.572901845318825
(5967, 2401, 2) 45.13546592183156
(6017, 2451, 2) 46.05399387343783
(6067, 2501, 2) 46.242602727844826
(6117, 2551, 2) 44.80847843283424
(6167, 2601, 2) 46.42546315898788
(6217, 2651, 2) 45.15653320485516
(6267, 2701, 2) 44.306254462287825
(6317, 2751, 2) 46.74578075079817
(6367, 2801, 2) 46.908789374214834
(6417, 2851, 2) 45.490314962859614
(6467, 2901, 2) 46.560098185339605
(6517, 2951, 2) 45.41358399382887
(6567, 3001, 2) 46.49978474414082
(6617, 3051, 2) 48.15000275733764
(6667, 3101, 2) 48.26640042050974
(6717, 3151, 2) 48.769448568453214
(6767, 3201, 2) 45.95637364146346
(6817, 3251, 2) 47.10247216923123
(6867, 3301, 2) 48.8045315565496
(6917, 3351, 2) 48.55188635224969
(6967, 3401, 2) 45.982715782912386
(7017, 3451, 2) 46.68014064642524
(7067, 3501, 2) 46.533465172983625
(7117, 3551, 2) 47.45929444256869
(7133, 1, 3) 44.4797768942611
(7183, 51, 3) 48.44138823058072
(7233, 101, 3) 48.70828043513056
(7283, 151, 3) 47.946201077411565
(7333, 201, 3) 50.52886970610544
(7383, 251, 3) 49.868404415820976
(7433, 301, 3) 50.597608228704516
(7483, 351, 3) 49.3133077055393
(7533, 401, 3) 50.9079465213268
(7583, 451, 3) 46.14567333289236
(7633, 501, 3) 49.01611211154408
(7683, 551, 3) 49.783215405190504
(7733, 601, 3) 47.71015691730322
(7783, 651, 3) 48.605950313846705
(7833, 701, 3) 46.87378350027382
(7883, 751, 3) 49.22068877844308
(7933, 801, 3) 49.192450360343024
(7983, 851, 3) 49.375876191859646
(8033, 901, 3) 48.688509529167796
(8083, 951, 3) 50.78970845872743
(8133, 1001, 3) 50.57113840292856
(8183, 1051, 3) 50.83691657787938
(8233, 1101, 3) 50.922019254835085
(8283, 1151, 3) 50.998157467077036
(8333, 1201, 3) 51.46336141137543
(8383, 1251, 3) 51.71701046788445
(8433, 1301, 3) 51.431033284951376
(8483, 1351, 3) 52.12658664630154
(8533, 1401, 3) 51.92162697531491
(8583, 1451, 3) 49.0499910576919
(8633, 1501, 3) 52.22058483052633
(8683, 1551, 3) 50.01772339351673
(8733, 1601, 3) 51.749697130745446
(8783, 1651, 3) 52.0132092503215
(8833, 1701, 3) 52.19715389207506
(8883, 1751, 3) 50.47518162735236
(8933, 1801, 3) 52.0261793095151
(8983, 1851, 3) 51.38586956283323
(9033, 1901, 3) 50.10804346604657
(9083, 1951, 3) 51.63937995719983
(9133, 2001, 3) 52.88229921904237
(9183, 2051, 3) 52.54647183624612
(9233, 2101, 3) 50.623232807164584
(9283, 2151, 3) 53.52552879286531
(9333, 2201, 3) 52.779515506971954
(9383, 2251, 3) 52.296008448812
(9433, 2301, 3) 52.68676480574567
(9483, 2351, 3) 53.08871928915197
(9533, 2401, 3) 52.64675287947082
(9583, 2451, 3) 52.98970628593692
(9633, 2501, 3) 53.2431016517087
(9683, 2551, 3) 54.15621455611623
(9733, 2601, 3) 52.23456879152035
(9783, 2651, 3) 53.705555600304045
(9833, 2701, 3) 51.93646560883178
(9883, 2751, 3) 52.926897936856776
(9933, 2801, 3) 53.80861330727702
(9983, 2851, 3) 52.18214330114369
(10033, 2901, 3) 53.12721504407262
(10083, 2951, 3) 51.257733493966064
(10133, 3001, 3) 52.73853251999441
(10183, 3051, 3) 53.29033916628764
(10233, 3101, 3) 53.56153024388964
(10283, 3151, 3) 52.971845625837645
(10333, 3201, 3) 54.08451951959652
(10383, 3251, 3) 52.39248677123688
(10433, 3301, 3) 51.585949769654114
(10483, 3351, 3) 54.900316739498756
(10533, 3401, 3) 53.4345835491981
(10583, 3451, 3) 52.65499937819447
(10633, 3501, 3) 53.56861591622577
(10683, 3551, 3) 53.51996369731281
(10699, 1, 4) 53.77907668143161
(10749, 51, 4) 53.53413315265294
(10799, 101, 4) 52.96836987671383
(10849, 151, 4) 53.57611237703361
(10899, 201, 4) 52.93296185844986
(10949, 251, 4) 53.084086086367456
(10999, 301, 4) 54.378620937305165
(11049, 351, 4) 52.75385478123663
(11099, 401, 4) 55.617518814429836
(11149, 451, 4) 53.56151198729092
(11199, 501, 4) 53.82453306124814
(11249, 551, 4) 55.70336243121018
(11299, 601, 4) 52.889031481257696
(11349, 651, 4) 54.532345642572544
(11399, 701, 4) 53.24697748611846
(11449, 751, 4) 54.381240021455945
(11499, 801, 4) 54.255398683999005
(11549, 851, 4) 54.36865166606532
(11599, 901, 4) 53.24442119376847
(11649, 951, 4) 53.511884487065245
(11699, 1001, 4) 55.21866064768959
(11749, 1051, 4) 54.76251484251945
(11799, 1101, 4) 55.976453392152926
(11849, 1151, 4) 55.391991271101624
(11899, 1201, 4) 55.083636047823816
(11949, 1251, 4) 54.76703374135084
(11999, 1301, 4) 54.36161882465792
(12049, 1351, 4) 53.95092225867783
(12099, 1401, 4) 55.21262073276677
(12149, 1451, 4) 54.87547141323495
(12199, 1501, 4) 55.6707945404931
(12249, 1551, 4) 54.76879849247324
(12299, 1601, 4) 54.56676952651331
(12349, 1651, 4) 55.79878593829133
(12399, 1701, 4) 54.73527261695256
(12449, 1751, 4) 54.93501650043223
(12499, 1801, 4) 54.39977335437002
(12549, 1851, 4) 55.22267773762305
(12599, 1901, 4) 54.12652387186792
(12649, 1951, 4) 54.879450866407055
(12699, 2001, 4) 54.38046736417339
(12749, 2051, 4) 56.03910267957188
(12799, 2101, 4) 54.454482538163084
(12849, 2151, 4) 55.67335354808086
(12899, 2201, 4) 55.95278914904724
(12949, 2251, 4) 55.98527176214652
(12999, 2301, 4) 55.37343819599783
(13049, 2351, 4) 54.88143239846518
(13099, 2401, 4) 56.22458900443002
(13149, 2451, 4) 55.56104907903531
(13199, 2501, 4) 54.80061361162516
(13249, 2551, 4) 55.64297906164004
(13299, 2601, 4) 55.41382491755249
(13349, 2651, 4) 56.57400376500929
(13399, 2701, 4) 55.93094237177441
(13449, 2751, 4) 55.61832757938077
(13499, 2801, 4) 55.63538601188151
(13549, 2851, 4) 55.670187497354775
(13599, 2901, 4) 54.84758776418148
(13649, 2951, 4) 55.92739890289503
(13699, 3001, 4) 55.32976679360295
(13749, 3051, 4) 56.11359211553223
(13799, 3101, 4) 56.24721684765588
(13849, 3151, 4) 55.45208260416007
(13899, 3201, 4) 55.16000622879878
(13949, 3251, 4) 55.59681403839527
(13999, 3301, 4) 55.329449641695426
(14049, 3351, 4) 56.68875959287507
(14099, 3401, 4) 55.971353630508524
(14149, 3451, 4) 55.20861977986763
(14199, 3501, 4) 56.92214741003624
(14249, 3551, 4) 56.49832275366952
