(1, 1, 1) 17.596985185462792
(51, 51, 1) 24.222013055253864
(101, 101, 1) 4.023132847163708
(151, 151, 1) 10.626579850131376
(201, 201, 1) 10.590413095596752
(232, 1, 2) 27.2438121067744
(282, 51, 2) 12.610152430789935
(332, 101, 2) 27.526209832866645
(382, 151, 2) 31.55441583875499
(432, 201, 2) 17.948198628476927
(463, 1, 3) 28.76468055339247
(513, 51, 3) 30.101461204657525
(563, 101, 3) 24.92389042973892
(613, 151, 3) 20.113483489906873
(663, 201, 3) 19.12258524270247
(694, 1, 4) 21.048757392706335
(744, 51, 4) 20.215732946061657
(794, 101, 4) 16.628561607556904
(844, 151, 4) 16.370620493922775
(894, 201, 4) 19.50384382477305
(925, 1, 5) 20.178962877211163
(975, 51, 5) 18.956822977121057
(1025, 101, 5) 22.584929339154876
(1075, 151, 5) 21.065282170495543
(1125, 201, 5) 22.359959228183406
(1156, 1, 6) 18.36625832413203
(1206, 51, 6) 21.677487695556735
(1256, 101, 6) 20.584784996121993
(1306, 151, 6) 21.377577751925692
(1356, 201, 6) 18.647070254224417
(1387, 1, 7) 17.50582062102163
(1437, 51, 7) 18.534810731627193
(1487, 101, 7) 20.62029497390373
(1537, 151, 7) 16.857854600213187
(1587, 201, 7) 12.968295891823836
(1618, 1, 8) 19.02992203525752
(1668, 51, 8) 16.714200916044128
(1718, 101, 8) 15.042207700117293
(1768, 151, 8) 12.385933439244765
(1818, 201, 8) 21.128573253874666
(1849, 1, 9) 13.436935584132348
(1899, 51, 9) 19.04640034643973
(1949, 101, 9) 12.457710432106042
(1999, 151, 9) 16.495290422759044
(2049, 201, 9) 17.823794684323087
(2080, 1, 10) 14.491351757154579
(2130, 51, 10) 16.99490558008087
(2180, 101, 10) 20.645659747537625
(2230, 151, 10) 18.76886346847588
(2280, 201, 10) 17.500309438737368
(2311, 1, 11) 14.89795871641179
(2361, 51, 11) 16.96237379807903
(2411, 101, 11) 18.114621440880978
(2461, 151, 11) 12.499623998252693
(2511, 201, 11) 16.164607365996897
(2542, 1, 12) 16.660928634289625
(2592, 51, 12) 16.505265697956737
(2642, 101, 12) 14.701592135153353
(2692, 151, 12) 13.206681535395099
(2742, 201, 12) 22.807549323658304
(2773, 1, 13) 17.129489317590114
(2823, 51, 13) 23.538762810427198
(2873, 101, 13) 15.901496172808635
(2923, 151, 13) 15.600210813934982
(2973, 201, 13) 17.985965856597982
(3004, 1, 14) 19.075109715202224
(3054, 51, 14) 18.29425404607742
(3104, 101, 14) 17.88341142833196
(3154, 151, 14) 16.921252606912937
(3204, 201, 14) 15.86137511423551
(3235, 1, 15) 11.960035716397732
(3285, 51, 15) 17.569745584862613
(3335, 101, 15) 16.53230834909613
(3385, 151, 15) 11.13637431105688
(3435, 201, 15) 23.790595435256712
