(1, 1, 1) 5.981134656007092
(51, 51, 1) 11.813510741182982
(101, 101, 1) 1.5143124764412028
(151, 151, 1) 6.703161061136973
(201, 201, 1) 9.129391984831633
(232, 1, 2) 13.442475699611306
(282, 51, 2) 9.1284872213777
(332, 101, 2) 13.545352480098748
(382, 151, 2) 13.127056191989645
(432, 201, 2) 14.01766935435189
(463, 1, 3) 12.190470772691073
(513, 51, 3) 16.81024995247077
(563, 101, 3) 16.765044771677402
(613, 151, 3) 15.472651358726136
(663, 201, 3) 14.943800011187577
(694, 1, 4) 17.460647161235133
(744, 51, 4) 16.787151074703512
(794, 101, 4) 16.725390603629393
(844, 151, 4) 16.759013584108065
(894, 201, 4) 16.61100156485234
(925, 1, 5) 16.64015939466508
(975, 51, 5) 15.235356027655907
(1025, 101, 5) 16.88035948458017
(1075, 151, 5) 16.395368798759268
(1125, 201, 5) 17.14409015841599
(1156, 1, 6) 17.15284817581893
(1206, 51, 6) 14.7531777551141
(1256, 101, 6) 17.85423342885117
(1306, 151, 6) 17.16836538581488
(1356, 201, 6) 16.327558531712437
(1387, 1, 7) 17.358908993255632
(1437, 51, 7) 16.455521413721115
(1487, 101, 7) 18.360169909464698
(1537, 151, 7) 17.121376383900497
(1587, 201, 7) 17.881707749634085
(1618, 1, 8) 17.87365833988856
(1668, 51, 8) 17.731613691035086
(1718, 101, 8) 16.788756249588932
(1768, 151, 8) 17.280992645433543
(1818, 201, 8) 18.49678116228648
(1849, 1, 9) 17.95080842677382
(1899, 51, 9) 17.177477359943353
(1949, 101, 9) 17.855811477120614
(1999, 151, 9) 16.644670946256614
(2049, 201, 9) 17.242328753107607
(2080, 1, 10) 16.443856199634695
(2130, 51, 10) 16.148579941315663
(2180, 101, 10) 18.419619840387455
(2230, 151, 10) 16.90974430082712
(2280, 201, 10) 16.007081611901867
(2311, 1, 11) 17.201080904454894
(2361, 51, 11) 16.925888638555474
(2411, 101, 11) 18.792493176529508
(2461, 151, 11) 17.57165377998996
(2511, 201, 11) 17.438446009911267
(2542, 1, 12) 18.165103624198547
(2592, 51, 12) 15.886167990410222
(2642, 101, 12) 18.644593102119345
(2692, 151, 12) 15.841119741625214
(2742, 201, 12) 17.261722630173335
(2773, 1, 13) 18.176697476928855
(2823, 51, 13) 16.78235820304526
(2873, 101, 13) 17.521239538710862
(2923, 151, 13) 18.57168660941688
(2973, 201, 13) 17.65773131647173
(3004, 1, 14) 17.338735490100667
(3054, 51, 14) 17.170477846993013
(3104, 101, 14) 18.05872356212857
(3154, 151, 14) 17.460443312696018
(3204, 201, 14) 17.6503000998927
(3235, 1, 15) 18.25505664946053
(3285, 51, 15) 17.185456462795166
(3335, 101, 15) 18.6736292040747
(3385, 151, 15) 17.112122378027454
(3435, 201, 15) 17.787539734080642
