(1, 1, 1) 6.806894076518109
(51, 51, 1) 0
(101, 101, 1) 9.826867489924947
(151, 151, 1) 2.988783297336216
(201, 201, 1) 1.7068830067536886
(232, 1, 2) 0
(282, 51, 2) 2.128267859164499
(332, 101, 2) 0
(382, 151, 2) 0
(432, 201, 2) 0.3618829636621044
(463, 1, 3) 1.8208099875584551
(513, 51, 3) 0
(563, 101, 3) 0
(613, 151, 3) 0
(663, 201, 3) 0.07630106609808252
(694, 1, 4) 0
(744, 51, 4) 0.2535256676928235
(794, 101, 4) 0
(844, 151, 4) 0
(894, 201, 4) 0
(925, 1, 5) 0
(975, 51, 5) 0.3414144924831781
(1025, 101, 5) 0.23394345777455605
(1075, 151, 5) 0
(1125, 201, 5) 0
(1156, 1, 6) 0.004283660560258085
(1206, 51, 6) 0.8844579314620766
(1256, 101, 6) 0
(1306, 151, 6) 0.7015790718875508
(1356, 201, 6) 0.7899731126383749
(1387, 1, 7) 0
(1437, 51, 7) 0.7102381444623873
(1487, 101, 7) 0.05440225777097929
(1537, 151, 7) 0.5305285202535117
(1587, 201, 7) 0
(1618, 1, 8) 0
(1668, 51, 8) 0.37213934557631667
(1718, 101, 8) 0.45925091891413317
(1768, 151, 8) 0.16507216494845522
(1818, 201, 8) 0
(1849, 1, 9) 0.007118185160837953
(1899, 51, 9) 0.7055789473684229
(1949, 101, 9) 0.5919893970257526
(1999, 151, 9) 0.23762953367875816
(2049, 201, 9) 0.4334189229134573
(2080, 1, 10) 0.03492970699966591
(2130, 51, 10) 0.3639236568510231
(2180, 101, 10) 0
(2230, 151, 10) 0.36742374873137074
(2280, 201, 10) 0.7209921129099222
(2311, 1, 11) 0.11194107149285948
(2361, 51, 11) 0.5881546811397556
(2411, 101, 11) 0
(2461, 151, 11) 0.29377294570168644
(2511, 201, 11) 0.45763497267759945
(2542, 1, 12) 0
(2592, 51, 12) 0.6367048800231139
(2642, 101, 12) 0.026201754385965614
(2692, 151, 12) 0.8392101393188867
(2742, 201, 12) 0.9827891106001054
(2773, 1, 13) 0.48970921045205884
(2823, 51, 13) 1.208815789473686
(2873, 101, 13) 0.6860482785438684
(2923, 151, 13) 0
(2973, 201, 13) 0.39964337653803916
(3004, 1, 14) 0.43648272474209904
(3054, 51, 14) 0.8559654731457833
(3104, 101, 14) 0.5410050584992767
(3154, 151, 14) 0.22440396341463398
(3204, 201, 14) 0.5574935178830174
(3235, 1, 15) 0.5009646746174035
(3285, 51, 15) 0.7848606371828204
(3335, 101, 15) 0.18112159508154946
(3385, 151, 15) 0.14639093507225454
(3435, 201, 15) 0.0694451819650137
