(1, 1, 1) 111.9668281672441
(51, 51, 1) 90.39926211780914
(101, 101, 1) 91.91150457851869
(151, 151, 1) 93.73246237965998
(201, 201, 1) 97.9579573734725
(232, 1, 2) 98.84529526489365
(282, 51, 2) 102.41914731174448
(332, 101, 2) 101.88124193503762
(382, 151, 2) 102.46898189925042
(432, 201, 2) 103.6551212710726
(463, 1, 3) 105.62340076550376
(513, 51, 3) 106.08157568172174
(563, 101, 3) 105.97878912395275
(613, 151, 3) 107.495287286154
(663, 201, 3) 106.6855661182337
(694, 1, 4) 109.1059733462566
(744, 51, 4) 110.7021369177683
(794, 101, 4) 110.99572013144339
(844, 151, 4) 110.46913611583959
(894, 201, 4) 111.26181107257796
(925, 1, 5) 111.70788190024476
(975, 51, 5) 113.03045625295604
(1025, 101, 5) 112.46408178073538
(1075, 151, 5) 113.15311366989397
(1125, 201, 5) 113.77099460961622
(1156, 1, 6) 113.7498265984684
(1206, 51, 6) 114.91534694363621
(1256, 101, 6) 117.12695731993831
(1306, 151, 6) 116.4178728132486
(1356, 201, 6) 116.1828084560242
(1387, 1, 7) 116.95161134909623
(1437, 51, 7) 118.07750825426415
(1487, 101, 7) 116.64221837171058
(1537, 151, 7) 118.4233632253201
(1587, 201, 7) 118.5447485455563
(1618, 1, 8) 119.71687134325853
(1668, 51, 8) 119.34060737769701
(1718, 101, 8) 119.13432929502153
(1768, 151, 8) 120.2402068767593
(1818, 201, 8) 119.56050476394003
(1849, 1, 9) 120.6575406142403
(1899, 51, 9) 120.83495555132326
(1949, 101, 9) 121.48814796107052
(1999, 151, 9) 121.3150559555632
(2049, 201, 9) 120.60275250184064
(2080, 1, 10) 122.50289813408773
(2130, 51, 10) 122.29571177460888
(2180, 101, 10) 122.20606501761402
(2230, 151, 10) 123.2382862699686
(2280, 201, 10) 124.42245964316588
(2311, 1, 11) 124.08507434015326
(2361, 51, 11) 123.59345351562834
(2411, 101, 11) 125.23736376039429
(2461, 151, 11) 124.92139193735994
(2511, 201, 11) 125.14059566920798
(2542, 1, 12) 125.5860588870324
(2592, 51, 12) 126.03704054950383
(2642, 101, 12) 126.18978589282541
(2692, 151, 12) 124.91258655906509
(2742, 201, 12) 125.6298917441023
(2773, 1, 13) 125.46625215632562
(2823, 51, 13) 127.50953472928506
(2873, 101, 13) 127.08124700807402
(2923, 151, 13) 127.5066446086439
(2973, 201, 13) 128.82223994425647
(3004, 1, 14) 126.6553410954113
(3054, 51, 14) 127.09615719961168
(3104, 101, 14) 128.5284849231744
(3154, 151, 14) 128.47042466386011
(3204, 201, 14) 129.06298127153062
(3235, 1, 15) 128.52468772198782
(3285, 51, 15) 130.3785031564979
(3335, 101, 15) 130.06392387578822
(3385, 151, 15) 129.12826423940925
(3435, 201, 15) 129.69930873795855
