(1, 1, 1) 9.352836987082766
(21, 21, 1) 7.7406833823899435
(41, 41, 1) 6.685097913024579
(61, 61, 1) 6.597260496338495
(81, 81, 1) 6.503318761233382
(101, 101, 1) 6.386250048852281
(121, 121, 1) 6.273586282457689
(141, 141, 1) 6.182198980658784
(161, 161, 1) 6.0740591277848655
(181, 181, 1) 5.956741972258223
(201, 201, 1) 5.861123506057199
(221, 221, 1) 5.802451057644756
(232, 1, 2) 5.870767670043331
(252, 21, 2) 5.629028695325098
(272, 41, 2) 5.592638685989188
(292, 61, 2) 5.500043143010386
(312, 81, 2) 5.458124529108067
(332, 101, 2) 5.383926136200357
(352, 121, 2) 5.335272836661832
(372, 141, 2) 5.251079922376548
(392, 161, 2) 5.188989539365059
(412, 181, 2) 5.093062198787612
(432, 201, 2) 5.038064435956925
(452, 221, 2) 4.947627492281414
(463, 1, 3) 5.054585078483836
(483, 21, 3) 4.822292110779875
(503, 41, 3) 4.805902023844299
(523, 61, 3) 4.716608495218667
(543, 81, 3) 4.66310834590597
(563, 101, 3) 4.632479545228065
(583, 121, 3) 4.566936213069042
(603, 141, 3) 4.488243510970195
(623, 161, 3) 4.412035786978564
(643, 181, 3) 4.327329983825278
(663, 201, 3) 4.285252296612795
(683, 221, 3) 4.190029268910942
(694, 1, 4) 4.307461405605374
(714, 21, 4) 4.0902110696742096
(734, 41, 4) 4.068763176078659
(754, 61, 4) 3.985620346297412
(774, 81, 4) 3.9267467016556985
(794, 101, 4) 3.921551956004587
(814, 121, 4) 3.853814303071168
(834, 141, 4) 3.7812636790565564
(854, 161, 4) 3.7074612207493587
(874, 181, 4) 3.660526505787459
(894, 201, 4) 3.631611506075962
(914, 221, 4) 3.5252754140842866
(925, 1, 5) 3.6133359880190823
(945, 21, 5) 3.4437720973947905
(965, 41, 5) 3.409481002725964
(985, 61, 5) 3.3512717171674935
(1005, 81, 5) 3.3043392400884386
(1025, 101, 5) 3.3163091307815207
(1045, 121, 5) 3.263437001703143
(1065, 141, 5) 3.194338757513754
(1085, 161, 5) 3.1321336586080193
(1105, 181, 5) 3.077107053475698
(1125, 201, 5) 3.061051407865945
(1145, 221, 5) 2.9691121155997418
(1156, 1, 6) 3.0192175170830717
(1176, 21, 6) 2.8911277679047602
(1196, 41, 6) 2.8680267029632764
(1216, 61, 6) 2.8441126629331426
(1236, 81, 6) 2.804764724997457
(1256, 101, 6) 2.8273562981099984
(1276, 121, 6) 2.8027324868323116
(1296, 141, 6) 2.735780743975216
(1316, 161, 6) 2.6817449838366265
(1336, 181, 6) 2.647740092847505
(1356, 201, 6) 2.6365897663061886
(1376, 221, 6) 2.564796263430967
(1387, 1, 7) 2.589868780779093
(1407, 21, 7) 2.510332036419238
(1427, 41, 7) 2.469864992678434
(1447, 61, 7) 2.451513125860955
(1467, 81, 7) 2.4144105220640646
(1487, 101, 7) 2.4588521078289025
(1507, 121, 7) 2.432513368444489
(1527, 141, 7) 2.378074903560929
(1547, 161, 7) 2.326947641103872
(1567, 181, 7) 2.290755811869601
(1587, 201, 7) 2.298024610856373
(1607, 221, 7) 2.2506499885122
(1618, 1, 8) 2.2690434147811613
(1638, 21, 8) 2.176331772459517
(1658, 41, 8) 2.1425412263414456
(1678, 61, 8) 2.1483831346886904
(1698, 81, 8) 2.113478924978655
(1718, 101, 8) 2.15319664454023
(1738, 121, 8) 2.1277369715261587
(1758, 141, 8) 2.094996180528308
(1778, 161, 8) 2.042681891753001
(1798, 181, 8) 2.0199813156251154
(1818, 201, 8) 2.0338855971956384
(1838, 221, 8) 1.973050027764533
(1849, 1, 9) 1.9881146275156532
(1869, 21, 9) 1.937145642358578
(1889, 41, 9) 1.904370988222197
(1909, 61, 9) 1.912490611955096
(1929, 81, 9) 1.8736692788095
(1949, 101, 9) 1.917730163449058
(1969, 121, 9) 1.8936155394322145
(1989, 141, 9) 1.8623851018586326
(2009, 161, 9) 1.8204360482010373
(2029, 181, 9) 1.7992098113102304
(2049, 201, 9) 1.807093246690704
(2069, 221, 9) 1.7520289641897104
(2080, 1, 10) 1.769057449364577
(2100, 21, 10) 1.72173757810264
(2120, 41, 10) 1.6952233135561303
(2140, 61, 10) 1.7024874088295507
(2160, 81, 10) 1.6664416137465774
(2180, 101, 10) 1.7140385821520492
(2200, 121, 10) 1.6960023833661526
(2220, 141, 10) 1.6650559661805548
(2240, 161, 10) 1.6227087183499898
(2260, 181, 10) 1.6085302383884694
(2280, 201, 10) 1.6263435391207195
(2300, 221, 10) 1.5751345139435051
(2311, 1, 11) 1.5756343496137222
(2331, 21, 11) 1.5460002724532584
(2351, 41, 11) 1.5218589093805492
(2371, 61, 11) 1.5276437256304285
(2391, 81, 11) 1.5018363300992912
(2411, 101, 11) 1.5499551797983653
(2431, 121, 11) 1.535035669521904
(2451, 141, 11) 1.5179107714578575
(2471, 161, 11) 1.4827995151354474
(2491, 181, 11) 1.4667610701693732
(2511, 201, 11) 1.4825044382113297
(2531, 221, 11) 1.4314057337435466
(2542, 1, 12) 1.4887340868052492
(2562, 21, 12) 1.4045397416221828
(2582, 41, 12) 1.382480945599366
(2602, 61, 12) 1.3986088292895877
(2622, 81, 12) 1.3689539647020652
(2642, 101, 12) 1.4053693989039409
(2662, 121, 12) 1.3951960545922668
(2682, 141, 12) 1.373030581112415
(2702, 161, 12) 1.3385305942490189
(2722, 181, 12) 1.3226798902102384
(2742, 201, 12) 1.3417869308332082
(2762, 221, 12) 1.309140932080904
(2773, 1, 13) 1.3393664525356144
(2793, 21, 13) 1.2827382385056878
(2813, 41, 13) 1.266717903251363
(2833, 61, 13) 1.2815908079789178
(2853, 81, 13) 1.2476911245791142
(2873, 101, 13) 1.3001316758664596
(2893, 121, 13) 1.2888831084977563
(2913, 141, 13) 1.2643238256281082
(2933, 161, 13) 1.229210168753084
(2953, 181, 13) 1.2109871312947642
(2973, 201, 13) 1.2375277378161187
(2993, 221, 13) 1.2044140850215894
(3004, 1, 14) 1.2212811444393918
(3024, 21, 14) 1.1707120713362156
(3044, 41, 14) 1.1596199737386068
(3064, 61, 14) 1.1742754442436674
(3084, 81, 14) 1.1374530253386346
(3104, 101, 14) 1.1824362369049752
(3124, 121, 14) 1.1734857084344619
(3144, 141, 14) 1.1597215515501502
(3164, 161, 14) 1.1264664912368736
(3184, 181, 14) 1.1183435004528817
(3204, 201, 14) 1.1266089402834292
(3224, 221, 14) 1.1011710043821112
(3235, 1, 15) 1.1388972439305
(3255, 21, 15) 1.0705399053284947
(3275, 41, 15) 1.0637839340601947
(3295, 61, 15) 1.0870336114439716
(3315, 81, 15) 1.05305381922703
(3335, 101, 15) 1.0933635819435794
(3355, 121, 15) 1.091472773793261
(3375, 141, 15) 1.0698895376055302
(3395, 161, 15) 1.05451305040955
(3415, 181, 15) 1.0324681077741145
(3435, 201, 15) 1.056250619033785
(3455, 221, 15) 1.0247896808845907
