(1, 1, 1) 60.79437510140793
(51, 51, 1) 61.96938757027849
(101, 101, 1) 60.472789512764734
(151, 151, 1) 61.10194981988876
(201, 201, 1) 61.963058962161035
(232, 1, 2) 62.096769481108296
(282, 51, 2) 61.616390345750325
(332, 101, 2) 62.08069536736325
(382, 151, 2) 61.90625410710897
(432, 201, 2) 61.89210426581803
(463, 1, 3) 61.79005310002814
(513, 51, 3) 62.43697904053816
(563, 101, 3) 62.27983829082886
(613, 151, 3) 62.06726243092556
(663, 201, 3) 61.7816457964844
(694, 1, 4) 62.02922175771577
(744, 51, 4) 61.975100186286106
(794, 101, 4) 61.77741324379926
(844, 151, 4) 61.72430881519956
(894, 201, 4) 61.95848423717087
(925, 1, 5) 61.97725243848843
(975, 51, 5) 61.58337187472519
(1025, 101, 5) 61.77667974330896
(1075, 151, 5) 61.54470857305877
(1125, 201, 5) 61.83892517653962
(1156, 1, 6) 61.61977139754451
(1206, 51, 6) 61.4222840875443
(1256, 101, 6) 62.1630455269396
(1306, 151, 6) 61.75558756411817
(1356, 201, 6) 61.484791060338
(1387, 1, 7) 61.890976480383884
(1437, 51, 7) 61.748036194243774
(1487, 101, 7) 62.000432205086
(1537, 151, 7) 61.43656939356538
(1587, 201, 7) 61.96597171176984
(1618, 1, 8) 61.93372769451766
(1668, 51, 8) 61.60810064481884
(1718, 101, 8) 61.68236736241058
(1768, 151, 8) 61.70199966775874
(1818, 201, 8) 61.817941725699576
(1849, 1, 9) 61.92495361609046
(1899, 51, 9) 61.41651156181347
(1949, 101, 9) 61.654401952906525
(1999, 151, 9) 61.52356395956227
(2049, 201, 9) 61.80545290524172
(2080, 1, 10) 61.28868121142295
(2130, 51, 10) 61.22311939951647
(2180, 101, 10) 61.577589101357475
(2230, 151, 10) 61.388132984110925
(2280, 201, 10) 61.523956879709885
(2311, 1, 11) 61.044468831437236
(2361, 51, 11) 61.338610808275384
(2411, 101, 11) 61.64876848370009
(2461, 151, 11) 61.532574155499475
(2511, 201, 11) 61.635472852892114
(2542, 1, 12) 61.55962756484384
(2592, 51, 12) 61.682455982265225
(2642, 101, 12) 61.72473678148563
(2692, 151, 12) 61.40265283822859
(2742, 201, 12) 61.76751106028293
(2773, 1, 13) 61.88326742551462
(2823, 51, 13) 61.675006416680986
(2873, 101, 13) 61.215610896968045
(2923, 151, 13) 61.51435181696666
(2973, 201, 13) 61.48042893654573
(3004, 1, 14) 61.3592364346333
(3054, 51, 14) 61.36561016739901
(3104, 101, 14) 61.55955077586868
(3154, 151, 14) 61.332965528550254
(3204, 201, 14) 61.5712260059608
(3235, 1, 15) 61.59326373837553
(3285, 51, 15) 61.30992021836672
(3335, 101, 15) 61.44249290673709
(3385, 151, 15) 61.58029113622738
(3435, 201, 15) 61.441973045121266
