(1, 1, 1) 19.033220791111017
(51, 51, 1) 28.88578449193056
(101, 101, 1) 20.483434390774747
(151, 151, 1) 24.912246127863515
(201, 201, 1) 31.257166907154332
(232, 1, 2) 32.12515068310879
(282, 51, 2) 30.230322738523963
(332, 101, 2) 33.34222927673854
(382, 151, 2) 34.38274826431959
(432, 201, 2) 34.48503215361377
(463, 1, 3) 33.50641212360331
(513, 51, 3) 34.576543504534065
(563, 101, 3) 34.50251522493926
(613, 151, 3) 35.206689847900236
(663, 201, 3) 35.242656734990774
(694, 1, 4) 35.80098681830577
(744, 51, 4) 35.60356829109202
(794, 101, 4) 35.59442376202341
(844, 151, 4) 35.871386700350236
(894, 201, 4) 35.736227745937356
(925, 1, 5) 35.99020972605117
(975, 51, 5) 35.810929986101804
(1025, 101, 5) 36.062572018868536
(1075, 151, 5) 35.836787994691036
(1125, 201, 5) 36.15511190606843
(1156, 1, 6) 36.26566533993834
(1206, 51, 6) 35.95012951632669
(1256, 101, 6) 35.97756767889949
(1306, 151, 6) 36.19070020601172
(1356, 201, 6) 37.00669414495133
(1387, 1, 7) 37.05499325483462
(1437, 51, 7) 36.3294426166635
(1487, 101, 7) 36.4794276442083
(1537, 151, 7) 37.161677571830424
(1587, 201, 7) 36.79415109420873
(1618, 1, 8) 37.08793935163938
(1668, 51, 8) 37.0857759991232
(1718, 101, 8) 37.1759963566976
(1768, 151, 8) 37.47003369250022
(1818, 201, 8) 37.38595019757576
(1849, 1, 9) 37.075339714034726
(1899, 51, 9) 37.066017727470054
(1949, 101, 9) 37.06191802231204
(1999, 151, 9) 37.06112098789709
(2049, 201, 9) 37.71303482298251
(2080, 1, 10) 37.270245755504774
(2130, 51, 10) 37.304926437994304
(2180, 101, 10) 37.6556414268248
(2230, 151, 10) 37.36035254487059
(2280, 201, 10) 37.827619055977294
(2311, 1, 11) 37.948254090947685
(2361, 51, 11) 37.72875808779567
(2411, 101, 11) 37.8491568583821
(2461, 151, 11) 38.90178923366947
(2511, 201, 11) 37.363850947887144
(2542, 1, 12) 38.048608460208754
(2592, 51, 12) 37.99197757447465
(2642, 101, 12) 37.81893567613609
(2692, 151, 12) 38.03800354429003
(2742, 201, 12) 38.82950761570719
(2773, 1, 13) 38.47453999124724
(2823, 51, 13) 38.03887937377133
(2873, 101, 13) 38.617892069950656
(2923, 151, 13) 38.76093786469688
(2973, 201, 13) 38.709273622225176
(3004, 1, 14) 38.30209177983467
(3054, 51, 14) 38.53213572868256
(3104, 101, 14) 38.04107945926866
(3154, 151, 14) 38.82214739144102
(3204, 201, 14) 38.19396796412088
(3235, 1, 15) 38.41172476423995
(3285, 51, 15) 38.511394239679994
(3335, 101, 15) 38.474982327204565
(3385, 151, 15) 38.20643734517257
(3435, 201, 15) 38.17271757349419
