(1, 1, 1) 0.0
(51, 51, 1) 0.08389261744966443
(101, 101, 1) 1.4769086448260933
(151, 151, 1) 1.5944011138629113
(201, 201, 1) 1.8906328700675157
(232, 1, 2) 2.312038457579734
(282, 51, 2) 2.0282388576376493
(332, 101, 2) 1.9189050991471643
(382, 151, 2) 2.0223148143208
(432, 201, 2) 2.006177569861222
(463, 1, 3) 1.7732881059831884
(513, 51, 3) 1.8086206587901748
(563, 101, 3) 1.4207314545317373
(613, 151, 3) 1.808897031460313
(663, 201, 3) 1.6806206563336499
(694, 1, 4) 1.5513770349726157
(744, 51, 4) 1.9114372901713788
(794, 101, 4) 1.7566999425730132
(844, 151, 4) 1.947212334104182
(894, 201, 4) 1.3537761424156873
(925, 1, 5) 1.4972301298617798
(975, 51, 5) 1.721987161055257
(1025, 101, 5) 1.8874791171859018
(1075, 151, 5) 2.1178740412305475
(1125, 201, 5) 1.4288956766280863
(1156, 1, 6) 1.5374768968089778
(1206, 51, 6) 1.6920747972494605
(1256, 101, 6) 1.4873376238411926
(1306, 151, 6) 1.6620851370262262
(1356, 201, 6) 1.9791162259160364
(1387, 1, 7) 1.8056314751298406
(1437, 51, 7) 2.134591865945693
(1487, 101, 7) 1.6297381201749708
(1537, 151, 7) 1.9410044714312729
(1587, 201, 7) 1.659079347004665
(1618, 1, 8) 2.2513844253635713
(1668, 51, 8) 2.2431207957868287
(1718, 101, 8) 1.6138813548899666
(1768, 151, 8) 2.001955658485692
(1818, 201, 8) 1.9395401488750044
(1849, 1, 9) 2.2741632011763384
(1899, 51, 9) 2.279062273568381
(1949, 101, 9) 1.9901524268525876
(1999, 151, 9) 1.4216651221436996
(2049, 201, 9) 1.9791445882617387
(2080, 1, 10) 2.2814325197920677
(2130, 51, 10) 2.0957595639376265
(2180, 101, 10) 2.620438386921944
(2230, 151, 10) 2.067997507264622
(2280, 201, 10) 2.094137498251533
(2311, 1, 11) 2.425978564186328
(2361, 51, 11) 2.004381372264415
(2411, 101, 11) 2.084937005518727
(2461, 151, 11) 1.9717556074705544
(2511, 201, 11) 1.9163214089943137
(2542, 1, 12) 2.002674077607884
(2592, 51, 12) 2.291728605143653
(2642, 101, 12) 2.3608295109362887
(2692, 151, 12) 2.2625139379656227
(2742, 201, 12) 2.053439049667755
(2773, 1, 13) 2.135809993371127
(2823, 51, 13) 2.2275899392554828
(2873, 101, 13) 1.9924198521823346
(2923, 151, 13) 2.455632219648882
(2973, 201, 13) 2.198343638858747
(3004, 1, 14) 2.285198404399705
(3054, 51, 14) 1.832037257818722
(3104, 101, 14) 2.3468944704074524
(3154, 151, 14) 2.4319306119725366
(3204, 201, 14) 2.608349389385964
(3235, 1, 15) 2.5266902369179522
(3285, 51, 15) 2.1730407102010703
(3335, 101, 15) 2.21474253167048
(3385, 151, 15) 2.4252864023402334
(3435, 201, 15) 2.297605941607885
