(1, 1, 1) 27.048898476977087
(51, 51, 1) 30.75115212485201
(101, 101, 1) 27.903872984464854
(151, 151, 1) 29.803031726257046
(201, 201, 1) 32.254048450848195
(232, 1, 2) 32.721562164060245
(282, 51, 2) 31.873434709400822
(332, 101, 2) 33.01393469189878
(382, 151, 2) 33.39279090635702
(432, 201, 2) 33.423280488394674
(463, 1, 3) 33.00930033557713
(513, 51, 3) 33.5476362400345
(563, 101, 3) 33.37370354037401
(613, 151, 3) 33.68577536515647
(663, 201, 3) 33.61118239749721
(694, 1, 4) 33.77257316861225
(744, 51, 4) 33.85002331450723
(794, 101, 4) 33.7462401593617
(844, 151, 4) 33.87564902974997
(894, 201, 4) 33.69943380146157
(925, 1, 5) 33.85199470710061
(975, 51, 5) 33.75985156232503
(1025, 101, 5) 33.958663339025044
(1075, 151, 5) 33.8997215939803
(1125, 201, 5) 33.85107150523753
(1156, 1, 6) 33.849566123048106
(1206, 51, 6) 33.78860953320417
(1256, 101, 6) 33.874291991015646
(1306, 151, 6) 33.95162050196249
(1356, 201, 6) 34.26367228298912
(1387, 1, 7) 34.324904999654784
(1437, 51, 7) 34.13221541364994
(1487, 101, 7) 34.03258117304901
(1537, 151, 7) 34.23792316487237
(1587, 201, 7) 34.18808351945167
(1618, 1, 8) 34.489750508464034
(1668, 51, 8) 34.36181830428149
(1718, 101, 8) 34.278672378301785
(1768, 151, 8) 34.48707046699811
(1818, 201, 8) 34.435890031735816
(1849, 1, 9) 34.49540831457775
(1899, 51, 9) 34.337312324349824
(1949, 101, 9) 34.28862425236796
(1999, 151, 9) 34.09331431524374
(2049, 201, 9) 34.603338875282915
(2080, 1, 10) 34.38695165929904
(2130, 51, 10) 34.31839369439836
(2180, 101, 10) 34.65226751087416
(2230, 151, 10) 34.34523869645911
(2280, 201, 10) 34.564328060051444
(2311, 1, 11) 34.54054005573993
(2361, 51, 11) 34.4527927376958
(2411, 101, 11) 34.55427537351273
(2461, 151, 11) 34.84693483033755
(2511, 201, 11) 34.33812198315013
(2542, 1, 12) 34.58384386906332
(2592, 51, 12) 34.796099157803404
(2642, 101, 12) 34.68619282088539
(2692, 151, 12) 34.650130416328516
(2742, 201, 12) 34.97495539029703
(2773, 1, 13) 34.902459091427694
(2823, 51, 13) 34.73617732517058
(2873, 101, 13) 34.68325070118885
(2923, 151, 13) 34.943465370390946
(2973, 201, 13) 34.88039300214148
(3004, 1, 14) 34.755553633793504
(3054, 51, 14) 34.64960030119572
(3104, 101, 14) 34.69848506255043
(3154, 151, 14) 34.88982545075183
(3204, 201, 14) 34.868011964105534
(3235, 1, 15) 34.91278786738257
(3285, 51, 15) 34.79173431240446
(3335, 101, 15) 34.74332366338675
(3385, 151, 15) 34.81920481245671
(3435, 201, 15) 34.7279886459369
