(1, 1, 1) 19.520961294441424
(51, 51, 1) 29.515454024847514
(101, 101, 1) 21.187629331802516
(151, 151, 1) 26.133433067442308
(201, 201, 1) 32.3756403024809
(232, 1, 2) 33.23359644523133
(282, 51, 2) 31.471972879427927
(332, 101, 2) 34.56831521189163
(382, 151, 2) 35.847205823101056
(432, 201, 2) 35.97521007525444
(463, 1, 3) 35.066267878989784
(513, 51, 3) 35.9551612548809
(563, 101, 3) 36.00739233220341
(613, 151, 3) 36.80092279884214
(663, 201, 3) 37.03619772412176
(694, 1, 4) 37.37297337507269
(744, 51, 4) 37.31156872229678
(794, 101, 4) 37.3714859036923
(844, 151, 4) 37.62762202373435
(894, 201, 4) 37.442428416911696
(925, 1, 5) 37.74637422185577
(975, 51, 5) 37.66399810225171
(1025, 101, 5) 37.88566295404809
(1075, 151, 5) 37.72277349911815
(1125, 201, 5) 37.968083611212634
(1156, 1, 6) 38.087419665420896
(1206, 51, 6) 37.966528857592635
(1256, 101, 6) 37.60498292899147
(1306, 151, 6) 38.12659687885017
(1356, 201, 6) 39.06075192374368
(1387, 1, 7) 38.99141700083549
(1437, 51, 7) 38.20390306607057
(1487, 101, 7) 38.1220987239826
(1537, 151, 7) 39.06349243441665
(1587, 201, 7) 38.633414836758064
(1618, 1, 8) 38.984248656247225
(1668, 51, 8) 38.94175745621681
(1718, 101, 8) 39.28008448257137
(1768, 151, 8) 39.49091371662981
(1818, 201, 8) 39.25788062927118
(1849, 1, 9) 38.98579647675986
(1899, 51, 9) 39.04196667235029
(1949, 101, 9) 38.92965818225749
(1999, 151, 9) 39.07330784402881
(2049, 201, 9) 39.76620979900913
(2080, 1, 10) 39.34817213140853
(2130, 51, 10) 39.39383392328522
(2180, 101, 10) 39.4645126614122
(2230, 151, 10) 39.31144980989602
(2280, 201, 10) 39.82234391242331
(2311, 1, 11) 39.916208856792835
(2361, 51, 11) 39.77382327230824
(2411, 101, 11) 39.64175686206305
(2461, 151, 11) 40.7941393664638
(2511, 201, 11) 39.17372093740853
(2542, 1, 12) 39.922759566012616
(2592, 51, 12) 40.17664199439789
(2642, 101, 12) 39.68937089594766
(2692, 151, 12) 40.04585881233271
(2742, 201, 12) 40.871148034467424
(2773, 1, 13) 40.42325498752495
(2823, 51, 13) 40.05136251225031
(2873, 101, 13) 40.61463217409488
(2923, 151, 13) 40.60518815476128
(2973, 201, 13) 40.72327784777173
(3004, 1, 14) 40.390443848002036
(3054, 51, 14) 40.520633310668245
(3104, 101, 14) 39.921488868318605
(3154, 151, 14) 40.65840598050141
(3204, 201, 14) 40.1675667894105
(3235, 1, 15) 40.362982293349035
(3285, 51, 15) 40.670357233204705
(3335, 101, 15) 40.311852371748756
(3385, 151, 15) 40.19623060305162
(3435, 201, 15) 40.194225862195594
