(1, 1, 1) 0.0
(51, 51, 1) 0.08389261744966443
(101, 101, 1) 1.4843212249732494
(151, 151, 1) 1.5947137239954132
(201, 201, 1) 1.8943530494802847
(232, 1, 2) 2.3162486559608726
(282, 51, 2) 2.0308968164620658
(332, 101, 2) 1.924454071247925
(382, 151, 2) 2.0283414599359832
(432, 201, 2) 2.0124936133154887
(463, 1, 3) 1.7794947602838926
(513, 51, 3) 1.8175047992282523
(563, 101, 3) 1.429113735546662
(613, 151, 3) 1.8202449482499987
(663, 201, 3) 1.6891856653039854
(694, 1, 4) 1.5617902867279614
(744, 51, 4) 1.9243971555181167
(794, 101, 4) 1.769783442173936
(844, 151, 4) 1.9626956686732429
(894, 201, 4) 1.364523027371594
(925, 1, 5) 1.5104272289770726
(975, 51, 5) 1.7351876471684426
(1025, 101, 5) 1.9110280179543797
(1075, 151, 5) 2.1424985787667072
(1125, 201, 5) 1.442878360914092
(1156, 1, 6) 1.549700766891335
(1206, 51, 6) 1.7077890115091914
(1256, 101, 6) 1.504949559994907
(1306, 151, 6) 1.6878339319685367
(1356, 201, 6) 2.002579387782634
(1387, 1, 7) 1.8224198918240466
(1437, 51, 7) 2.160246540848849
(1487, 101, 7) 1.649560458672397
(1537, 151, 7) 1.961462672449386
(1587, 201, 7) 1.6767883576566784
(1618, 1, 8) 2.277902032680218
(1668, 51, 8) 2.2677231396369115
(1718, 101, 8) 1.6348902385495827
(1768, 151, 8) 2.0250820519649992
(1818, 201, 8) 1.9648209675278496
(1849, 1, 9) 2.303675149153689
(1899, 51, 9) 2.3094613831852784
(1949, 101, 9) 2.015875934153654
(1999, 151, 9) 1.4365241814596605
(2049, 201, 9) 2.0013685996649597
(2080, 1, 10) 2.3016250892465955
(2130, 51, 10) 2.119478233765378
(2180, 101, 10) 2.655924486715296
(2230, 151, 10) 2.0943776944035095
(2280, 201, 10) 2.1141089753964284
(2311, 1, 11) 2.449771203737932
(2361, 51, 11) 2.0267049755857935
(2411, 101, 11) 2.11353222489196
(2461, 151, 11) 1.9929778197007593
(2511, 201, 11) 1.939318967626742
(2542, 1, 12) 2.0264267497236905
(2592, 51, 12) 2.316532310319688
(2642, 101, 12) 2.392969715940827
(2692, 151, 12) 2.287981972216358
(2742, 201, 12) 2.0737856015261817
(2773, 1, 13) 2.1622245704390433
(2823, 51, 13) 2.25461460539374
(2873, 101, 13) 2.0171595252601007
(2923, 151, 13) 2.4832266799010525
(2973, 201, 13) 2.2262782943740684
(3004, 1, 14) 2.3114397909466704
(3054, 51, 14) 1.853896277954104
(3104, 101, 14) 2.375057258109917
(3154, 151, 14) 2.4603142879792794
(3204, 201, 14) 2.63966410854484
(3235, 1, 15) 2.5557812785002616
(3285, 51, 15) 2.2028672914091474
(3335, 101, 15) 2.2490409538139384
(3385, 151, 15) 2.459031230041535
(3435, 201, 15) 2.330220982551837
