(1, 1, 1) 26.609198630839646
(51, 51, 1) 30.313021559886238
(101, 101, 1) 27.477710849455192
(151, 151, 1) 29.202865687205062
(201, 201, 1) 31.703619579794292
(232, 1, 2) 32.177986207265604
(282, 51, 2) 31.29165064730398
(332, 101, 2) 32.44727658108298
(382, 151, 2) 32.770439061916456
(432, 201, 2) 32.79443799643101
(463, 1, 3) 32.35658444320488
(513, 51, 3) 32.940714401287465
(563, 101, 3) 32.73436165676662
(613, 151, 3) 33.02761643676204
(663, 201, 3) 32.90164106260294
(694, 1, 4) 33.12719520366472
(744, 51, 4) 33.163368589183165
(794, 101, 4) 33.04284564946523
(844, 151, 4) 33.18096928321799
(894, 201, 4) 33.01616270850797
(925, 1, 5) 33.15489743146713
(975, 51, 5) 33.03876300729409
(1025, 101, 5) 33.24224362645447
(1075, 151, 5) 33.16645686966012
(1125, 201, 5) 33.14097758641204
(1156, 1, 6) 33.14097121143061
(1206, 51, 6) 33.02149613370682
(1256, 101, 6) 33.20931694322676
(1306, 151, 6) 33.20279096905204
(1356, 201, 6) 33.490200477068456
(1387, 1, 7) 33.58386707011612
(1437, 51, 7) 33.40402355895099
(1487, 101, 7) 33.36986598982309
(1537, 151, 7) 33.51308381227569
(1587, 201, 7) 33.47306738432774
(1618, 1, 8) 33.7576838238402
(1668, 51, 8) 33.64566581324296
(1718, 101, 8) 33.49074835799939
(1768, 151, 8) 33.72466300624822
(1818, 201, 8) 33.71447735738345
(1849, 1, 9) 33.758152177100506
(1899, 51, 9) 33.5871971876173
(1949, 101, 9) 33.56882413402372
(1999, 151, 9) 33.33545002320102
(2049, 201, 9) 33.83254410549532
(2080, 1, 10) 33.61345316223993
(2130, 51, 10) 33.54126846714947
(2180, 101, 10) 33.951222971701405
(2230, 151, 10) 33.60549434541537
(2280, 201, 10) 33.815237811312905
(2311, 1, 11) 33.80623382885708
(2361, 51, 11) 33.69058342277849
(2411, 101, 11) 33.860954115866974
(2461, 151, 11) 34.13537299887983
(2511, 201, 11) 33.63854840325786
(2542, 1, 12) 33.8703033675535
(2592, 51, 12) 33.988720720627846
(2642, 101, 12) 33.96816732285267
(2692, 151, 12) 33.90105677349475
(2742, 201, 12) 34.21681924188596
(2773, 1, 13) 34.16453913671099
(2823, 51, 13) 33.980491909902604
(2873, 101, 13) 33.94197427303368
(2923, 151, 13) 34.24364063377081
(2973, 201, 13) 34.129348732543214
(3004, 1, 14) 33.98217553962256
(3054, 51, 14) 33.90992771796676
(3104, 101, 14) 33.9825082351816
(3154, 151, 14) 34.19568117732127
(3204, 201, 14) 34.12451445315588
(3235, 1, 15) 34.17722624651115
(3285, 51, 15) 33.99811838941593
(3335, 101, 15) 34.044072588537375
(3385, 151, 15) 34.07067162791339
(3435, 201, 15) 33.970765520074444
