(1, 1, 1) 61.62573413648983
(51, 51, 1) 62.654109732258846
(101, 101, 1) 61.039668396618794
(151, 151, 1) 61.68094838733342
(201, 201, 1) 62.4921520005834
(232, 1, 2) 62.61484139098854
(282, 51, 2) 62.11743443231248
(332, 101, 2) 62.5490347925568
(382, 151, 2) 62.30282543603403
(432, 201, 2) 62.282137776614086
(463, 1, 3) 62.18213836745772
(513, 51, 3) 62.87024266599433
(563, 101, 3) 62.68460455337196
(613, 151, 3) 62.43615834837729
(663, 201, 3) 62.108163803065885
(694, 1, 4) 62.38295584403608
(744, 51, 4) 62.31410406570681
(794, 101, 4) 62.09745113221885
(844, 151, 4) 62.03662939684232
(894, 201, 4) 62.29134996010144
(925, 1, 5) 62.29918267046899
(975, 51, 5) 61.880368937554955
(1025, 101, 5) 62.079299045072666
(1075, 151, 5) 61.83389270405605
(1125, 201, 5) 62.142252543585855
(1156, 1, 6) 61.911577936832096
(1206, 51, 6) 61.6915107305107
(1256, 101, 6) 62.51294348406056
(1306, 151, 6) 62.04043069506875
(1356, 201, 6) 61.72768553744105
(1387, 1, 7) 62.16087810630482
(1437, 51, 7) 62.0324966340304
(1487, 101, 7) 62.32608433649204
(1537, 151, 7) 61.68881438775108
(1587, 201, 7) 62.25404736394029
(1618, 1, 8) 62.207100836464654
(1668, 51, 8) 61.875974316990764
(1718, 101, 8) 61.92104241378441
(1768, 151, 8) 61.94521563239951
(1818, 201, 8) 62.08496849840841
(1849, 1, 9) 62.196753317819706
(1899, 51, 9) 61.66050891751391
(1949, 101, 9) 61.92033864069275
(1999, 151, 9) 61.77011092024275
(2049, 201, 9) 62.04243822717466
(2080, 1, 10) 61.51105775724197
(2130, 51, 10) 61.44186892614448
(2180, 101, 10) 61.836365384494975
(2230, 151, 10) 61.62988858507781
(2280, 201, 10) 61.75653129233459
(2311, 1, 11) 61.255640106689015
(2361, 51, 11) 61.55784996519338
(2411, 101, 11) 61.907537033583196
(2461, 151, 11) 61.75368730484809
(2511, 201, 11) 61.901326044415114
(2542, 1, 12) 61.802345291453655
(2592, 51, 12) 61.89512316869264
(2642, 101, 12) 61.97623785076766
(2692, 151, 12) 61.61655046443648
(2742, 201, 12) 61.979932534897486
(2773, 1, 13) 62.1218977163191
(2823, 51, 13) 61.90255485786768
(2873, 101, 13) 61.41796040421155
(2923, 151, 13) 61.74198127651051
(2973, 201, 13) 61.69162286427864
(3004, 1, 14) 61.56477726243179
(3054, 51, 14) 61.574271314964804
(3104, 101, 14) 61.79890906122277
(3154, 151, 14) 61.55075608377479
(3204, 201, 14) 61.79680499436125
(3235, 1, 15) 61.81960003029842
(3285, 51, 15) 61.50197841259951
(3335, 101, 15) 61.66907766459755
(3385, 151, 15) 61.80235260427699
(3435, 201, 15) 61.65951909306325
