(1, 1, 1) 25.793489972753115
(51, 51, 1) 40.08016569647863
(101, 101, 1) 21.42175236067591
(151, 151, 1) 27.3775274725996
(201, 201, 1) 29.60205294209313
(232, 1, 2) 36.781790498524096
(282, 51, 2) 31.550013191228963
(332, 101, 2) 37.62262569314899
(382, 151, 2) 38.50012045253017
(432, 201, 2) 40.034994326633075
(463, 1, 3) 38.00875156445055
(513, 51, 3) 43.333732495725584
(563, 101, 3) 44.51865626185719
(613, 151, 3) 41.886337835657
(663, 201, 3) 43.35971188982624
(694, 1, 4) 45.159079273632315
(744, 51, 4) 44.61357923747116
(794, 101, 4) 45.55211183122352
(844, 151, 4) 45.29525639497117
(894, 201, 4) 45.065651788117336
(925, 1, 5) 45.15022863062102
(975, 51, 5) 43.57350022619237
(1025, 101, 5) 45.999132346097575
(1075, 151, 5) 45.10060997143342
(1125, 201, 5) 46.511643783984
(1156, 1, 6) 46.32191204417958
(1206, 51, 6) 44.609112595015226
(1256, 101, 6) 47.464418488757396
(1306, 151, 6) 46.23468812165175
(1356, 201, 6) 46.09860743046294
(1387, 1, 7) 47.067299480309195
(1437, 51, 7) 46.125311644034014
(1487, 101, 7) 47.77232401829739
(1537, 151, 7) 47.410426364571386
(1587, 201, 7) 47.31656402087733
(1618, 1, 8) 47.76321786152914
(1668, 51, 8) 47.30378771959881
(1718, 101, 8) 47.68906326437247
(1768, 151, 8) 48.21855615420642
(1818, 201, 8) 48.142219640649415
(1849, 1, 9) 47.474374060735705
(1899, 51, 9) 47.70295624186295
(1949, 101, 9) 47.016782315672216
(1999, 151, 9) 47.06425388244782
(2049, 201, 9) 48.077283556475315
(2080, 1, 10) 47.12420564614531
(2130, 51, 10) 47.242465206356975
(2180, 101, 10) 47.54501221379401
(2230, 151, 10) 46.932507690445796
(2280, 201, 10) 46.018342765946535
(2311, 1, 11) 47.73372191413287
(2361, 51, 11) 47.36506325178709
(2411, 101, 11) 48.269594809830714
(2461, 151, 11) 47.382421678221185
(2511, 201, 11) 46.313224596938305
(2542, 1, 12) 47.68094036949778
(2592, 51, 12) 46.850890989215
(2642, 101, 12) 47.98675575916967
(2692, 151, 12) 45.860411305836884
(2742, 201, 12) 47.776369530943605
(2773, 1, 13) 47.38628675691054
(2823, 51, 13) 47.12067307261922
(2873, 101, 13) 47.91438949555109
(2923, 151, 13) 48.541641763405245
(2973, 201, 13) 47.797372286842474
(3004, 1, 14) 47.98524082398679
(3054, 51, 14) 48.116752877002064
(3104, 101, 14) 47.93701428386454
(3154, 151, 14) 47.653990464197584
(3204, 201, 14) 48.03098932851278
(3235, 1, 15) 48.64599801619987
(3285, 51, 15) 47.33762373156772
(3335, 101, 15) 48.445936609062535
(3385, 151, 15) 47.61227660884324
(3435, 201, 15) 47.679788484439676
