(1, 1, 1) 4.0990938410517925
(51, 51, 1) 36.78794411714425
(101, 101, 1) 36.78794411714425
(151, 151, 1) 36.78794411714425
(201, 201, 1) 12.6254971485354
(251, 251, 1) 5.238175486796818
(301, 301, 1) 5.238175486796818
(351, 351, 1) 5.238175486796818
(401, 401, 1) 5.238175486796818
(451, 451, 1) 5.238175486796818
(501, 501, 1) 5.238175486796818
(551, 551, 1) 5.238175486796818
(601, 601, 1) 5.538696232597744
(651, 651, 1) 5.39471088086188
(701, 701, 1) 5.238175486796818
(751, 751, 1) 6.415428562903542
(801, 801, 1) 10.78942176172376
(851, 851, 1) 28.64284647416118
(901, 901, 1) 9.970222994544457
(912, 1, 2) 8.198187682103585
(962, 51, 2) 12.830857125807084
(1012, 101, 2) 10.132393619864414
(1062, 151, 2) 11.246561888160565
(1112, 201, 2) 10.954193413472353
(1162, 251, 2) 11.712916466550734
(1212, 301, 2) 10.287131405612557
(1262, 351, 2) 11.712916466550734
(1312, 401, 2) 10.954193413472353
(1362, 451, 2) 12.29728152315538
(1412, 501, 2) 11.842519775970448
(1462, 551, 2) 12.962472880491877
(1512, 601, 2) 12.29728152315538
(1562, 651, 2) 12.29728152315538
(1612, 701, 2) 8.668528067348735
(1662, 751, 2) 12.29728152315538
(1712, 801, 2) 8.52029347288359
(1762, 851, 2) 10.435185733665413
(1812, 901, 2) 8.843738373737478
(1823, 1, 3) 9.593303282549623
(1873, 51, 3) 8.843738373737478
(1923, 101, 3) 10.435185733665413
(1973, 151, 3) 10.476350973593638
(2023, 201, 3) 8.383924775392584
(2073, 251, 3) 11.263064591220179
(2123, 301, 3) 19.839733446526267
(2173, 351, 3) 11.940457987720874
(2223, 401, 3) 10.308675254291908
(2273, 451, 3) 10.435185733665413
(2323, 501, 3) 24.62395302527262
(2373, 551, 3) 12.464629943520261
(2423, 601, 3) 8.558078406207954
(2473, 651, 3) 10.713701843513144
(2523, 701, 3) 10.577193692534602
(2573, 751, 3) 10.936250366491008
(2623, 801, 3) 11.995358092497218
(2673, 851, 3) 7.952520176152517
(2723, 901, 3) 10.78942176172376
(2734, 1, 4) 8.668528067348735
(2784, 51, 4) 21.08445456905126
(2834, 101, 4) 8.774910275945945
(2884, 151, 4) 12.12940524445139
(2934, 201, 4) 26.58483576665878
(2984, 251, 4) 21.576146358278553
(3034, 301, 4) 8.282282660969598
(3084, 351, 4) 8.558078406207954
(3134, 401, 4) 8.668528067348735
(3184, 451, 4) 19.692215902857168
(3234, 501, 4) 17.60182059000002
(3284, 551, 4) 8.176754328331226
(3334, 601, 4) 21.604629781816136
(3384, 651, 4) 22.250253290431043
(3434, 701, 4) 8.323387063085923
(3484, 751, 4) 23.356898886409994
(3534, 801, 4) 18.809205759427844
(3584, 851, 4) 8.774910275945945
(3634, 901, 4) 20.973425791310696
(3645, 1, 5) 8.323387063085923
(3695, 51, 5) 8.443178813590508
(3745, 101, 5) 23.356898886409994
(3795, 151, 5) 8.944061468921197
(3845, 201, 5) 24.601372576927535
(3895, 251, 5) 25.02447384232383
(3945, 301, 5) 7.707532488755378
(3995, 351, 5) 9.072786082093923
(4045, 401, 5) 7.733096794899657
(4095, 451, 5) 8.176754328331226
(4145, 501, 5) 7.629273292796577
(4195, 551, 5) 8.443178813590508
(4245, 601, 5) 21.258844131063835
(4295, 651, 5) 8.558078406207954
(4345, 701, 5) 8.176754328331226
(4395, 751, 5) 7.40789881551835
(4445, 801, 5) 8.894324259496543
(4495, 851, 5) 8.323387063085923
(4545, 901, 5) 11.995358092497218
(4556, 1, 6) 8.894324259496543
(4606, 51, 6) 7.707532488755378
(4656, 101, 6) 19.188359487009183
(4706, 151, 6) 8.176754328331226
(4756, 201, 6) 22.250253290431043
(4806, 251, 6) 8.650411922223508
(4856, 301, 6) 18.728674627858762
(4906, 351, 6) 7.40789881551835
(4956, 401, 6) 8.176754328331226
(5006, 451, 6) 7.521029227024703
(5056, 501, 6) 7.40789881551835
(5106, 551, 6) 8.558078406207954
(5156, 601, 6) 7.733096794899657
(5206, 651, 6) 7.521029227024703
(5256, 701, 6) 8.066974340737668
(5306, 751, 6) 7.289334177359764
(5356, 801, 6) 8.066974340737668
(5406, 851, 6) 22.250253290431043
(5456, 901, 6) 18.29339396696557
(5467, 1, 7) 7.40789881551835
(5517, 51, 7) 8.176754328331226
(5567, 101, 7) 8.650411922223508
(5617, 151, 7) 7.289334177359764
(5667, 201, 7) 7.952520176152517
(5717, 251, 7) 8.774910275945945
(5767, 301, 7) 7.952520176152517
(5817, 351, 7) 7.289334177359764
(5867, 401, 7) 7.40789881551835
(5917, 451, 7) 8.198187682103585
(5967, 501, 7) 7.289334177359764
(6017, 551, 7) 8.774910275945945
(6067, 601, 7) 8.323387063085923
(6117, 651, 7) 7.832899330004494
(6167, 701, 7) 7.952520176152517
(6217, 751, 7) 7.164684238257436
(6267, 801, 7) 7.164684238257436
(6317, 851, 7) 7.521029227024703
(6367, 901, 7) 8.198187682103585
