(1, 1, 1) 1.4313755660626595
(51, 51, 1) 0.0
(101, 101, 1) 0.0
(151, 151, 1) 0.0
(201, 201, 1) 9.741341656387245
(251, 251, 1) 5.21808646677045
(301, 301, 1) 7.963780988289081
(351, 351, 1) 7.249283049478012
(401, 401, 1) 1.646363319874749
(451, 451, 1) 1.646363319874749
(501, 501, 1) 1.6621500085929461
(551, 551, 1) 1.6652539436952318
(601, 601, 1) 1.6621500085929461
(651, 651, 1) 1.719226312216089
(701, 701, 1) 2.43231811567492
(751, 751, 1) 2.492309469888123
(801, 801, 1) 5.053209783879095
(851, 851, 1) 6.532836984440373
(901, 901, 1) 5.022194187826212
(912, 1, 2) 6.810886544713301
(962, 51, 2) 10.051985867766401
(1012, 101, 2) 8.417420710122222
(1062, 151, 2) 10.1725798194797
(1112, 201, 2) 10.1755843347399
(1162, 251, 2) 11.970287359465484
(1212, 301, 2) 9.406908812953514
(1262, 351, 2) 11.927806862945774
(1312, 401, 2) 10.285629366008115
(1362, 451, 2) 12.49826858493779
(1412, 501, 2) 10.109682680453846
(1462, 551, 2) 11.509173027491986
(1512, 601, 2) 12.915997712842795
(1562, 651, 2) 9.229790782758016
(1612, 701, 2) 10.561353145078424
(1662, 751, 2) 11.889688275123573
(1712, 801, 2) 11.118145732768642
(1762, 851, 2) 11.48825994925999
(1812, 901, 2) 9.622062454351806
(1823, 1, 3) 12.942126882475618
(1873, 51, 3) 10.823982490532762
(1923, 101, 3) 11.900664332202101
(1973, 151, 3) 12.670044784432907
(2023, 201, 3) 11.4816389250365
(2073, 251, 3) 10.361556091771527
(2123, 301, 3) 13.317179232661346
(2173, 351, 3) 10.60487954917628
(2223, 401, 3) 11.263580187399667
(2273, 451, 3) 9.993658151223343
(2323, 501, 3) 12.93322005899581
(2373, 551, 3) 13.886317866636892
(2423, 601, 3) 13.890788883501566
(2473, 651, 3) 11.965634372057478
(2523, 701, 3) 11.349792495121411
(2573, 751, 3) 13.379796153708655
(2623, 801, 3) 14.756247284956194
(2673, 851, 3) 14.792603832439756
(2723, 901, 3) 13.746429372074354
(2734, 1, 4) 14.039420885304194
(2784, 51, 4) 14.860602804314343
(2834, 101, 4) 15.762468469489372
(2884, 151, 4) 14.889560120544724
(2934, 201, 4) 15.276231580722522
(2984, 251, 4) 15.918634025214189
(3034, 301, 4) 17.209936104768676
(3084, 351, 4) 17.988352066930275
(3134, 401, 4) 16.822790103469394
(3184, 451, 4) 17.832419966753715
(3234, 501, 4) 17.93452083103922
(3284, 551, 4) 18.724561790017944
(3334, 601, 4) 20.992764516102664
(3384, 651, 4) 20.098102249015607
(3434, 701, 4) 18.856441480073496
(3484, 751, 4) 21.997353072374175
(3534, 801, 4) 22.323148312889053
(3584, 851, 4) 22.63311965143078
(3634, 901, 4) 21.184178684969858
(3645, 1, 5) 23.30178785185401
(3695, 51, 5) 22.939148560218086
(3745, 101, 5) 23.93838299402857
(3795, 151, 5) 23.247784869588532
(3845, 201, 5) 23.799766979171746
(3895, 251, 5) 25.44835400680118
(3945, 301, 5) 26.454043489050328
(3995, 351, 5) 23.49154143515733
(4045, 401, 5) 25.182895842456038
(4095, 451, 5) 24.731271448562694
(4145, 501, 5) 27.286495356752432
(4195, 551, 5) 25.040986676485
(4245, 601, 5) 27.883823164578175
(4295, 651, 5) 27.21867662056264
(4345, 701, 5) 27.27407806795878
(4395, 751, 5) 27.825273500506714
(4445, 801, 5) 27.764655900416948
(4495, 851, 5) 29.739493949627438
(4545, 901, 5) 26.442289984961175
(4556, 1, 6) 29.016683060022107
(4606, 51, 6) 29.243243364512903
(4656, 101, 6) 29.393809110431235
(4706, 151, 6) 29.11402685306311
(4756, 201, 6) 28.979766914165744
(4806, 251, 6) 29.337656723358656
(4856, 301, 6) 30.701491236147074
(4906, 351, 6) 30.753542010275115
(4956, 401, 6) 29.809780026599373
(5006, 451, 6) 31.571194608550265
(5056, 501, 6) 31.937893633112626
(5106, 551, 6) 30.54940199126869
(5156, 601, 6) 32.89423308909907
(5206, 651, 6) 33.22988492279116
(5256, 701, 6) 31.814158233459406
(5306, 751, 6) 33.66008625294546
(5356, 801, 6) 32.65880572768562
(5406, 851, 6) 33.81494757498685
(5456, 901, 6) 33.65574417184208
(5467, 1, 7) 34.16013255229909
(5517, 51, 7) 34.04984149737506
(5567, 101, 7) 34.968262721316776
(5617, 151, 7) 33.927470614399134
(5667, 201, 7) 34.52411883396666
(5717, 251, 7) 35.81021097719781
(5767, 301, 7) 34.7318751072335
(5817, 351, 7) 33.656325206961405
(5867, 401, 7) 33.04746440705872
(5917, 451, 7) 34.893978901509094
(5967, 501, 7) 34.59125385427133
(6017, 551, 7) 34.700104790265726
(6067, 601, 7) 36.049038560498836
(6117, 651, 7) 35.642946619214506
(6167, 701, 7) 36.057025893740196
(6217, 751, 7) 35.990534596047134
(6267, 801, 7) 36.53888892497392
(6317, 851, 7) 35.45365968450765
(6367, 901, 7) 36.40350726017377
