(1, 1, 1) 13.656727105263162
(51, 51, 1) 0
(101, 101, 1) 0
(151, 151, 1) 0
(201, 201, 1) 0
(251, 251, 1) 3.5028617726861633
(301, 301, 1) 0.9544837580204728
(351, 351, 1) 1.5426891365960174
(401, 401, 1) 6.031314579439254
(451, 451, 1) 6.031314579439254
(501, 501, 1) 5.5970856074766395
(551, 551, 1) 5.903802897196261
(601, 601, 1) 5.948604299065419
(651, 651, 1) 5.968123062426386
(701, 701, 1) 5.809366201733578
(751, 751, 1) 10.250910658655986
(801, 801, 1) 8.628686967271783
(851, 851, 1) 9.862028690619827
(901, 901, 1) 10.080179114565734
(912, 1, 2) 6.707937899533029
(962, 51, 2) 5.141259259259261
(1012, 101, 2) 4.580859479497764
(1062, 151, 2) 4.425320890774124
(1112, 201, 2) 3.384874851585586
(1162, 251, 2) 3.741722309188539
(1212, 301, 2) 3.210011274676649
(1262, 351, 2) 3.2642695730426965
(1312, 401, 2) 6.678790016913666
(1362, 451, 2) 1.7707049126591379
(1412, 501, 2) 3.282862247581175
(1462, 551, 2) 3.4868261032588315
(1512, 601, 2) 2.094049372283923
(1562, 651, 2) 3.0202489374620534
(1612, 701, 2) 0.638703682031629
(1662, 751, 2) 1.1376738641020587
(1712, 801, 2) 1.2937006158429512
(1762, 851, 2) 0.8831254149422243
(1812, 901, 2) 3.2700234401160877
(1823, 1, 3) 0.9996134421134428
(1873, 51, 3) 2.3776547500085243
(1923, 101, 3) 0.7404322208959471
(1973, 151, 3) 0.566788653142762
(2023, 201, 3) 1.8106712730598495
(2073, 251, 3) 1.9559083141434037
(2123, 301, 3) 1.0164026241481103
(2173, 351, 3) 2.843925865493887
(2223, 401, 3) 2.731595282332105
(2273, 451, 3) 2.23744742745723
(2323, 501, 3) 1.0635329302006689
(2373, 551, 3) 1.2971858355730959
(2423, 601, 3) 1.4329268363048904
(2473, 651, 3) 2.220096419709325
(2523, 701, 3) 2.3703753391894544
(2573, 751, 3) 2.447701103927521
(2623, 801, 3) 1.3079648223108968
(2673, 851, 3) 1.035512004201653
(2723, 901, 3) 1.8455531640120562
(2734, 1, 4) 2.0436562117372397
(2784, 51, 4) 2.590380354505168
(2834, 101, 4) 1.5428047554267472
(2884, 151, 4) 2.332242044805515
(2934, 201, 4) 2.010651634892209
(2984, 251, 4) 1.5887916139907325
(3034, 301, 4) 1.0119026115574314
(3084, 351, 4) 1.8129438182458628
(3134, 401, 4) 2.762214285714286
(3184, 451, 4) 2.3407099306316184
(3234, 501, 4) 2.3612919242071158
(3284, 551, 4) 2.167964522304583
(3334, 601, 4) 1.4408997032303077
(3384, 651, 4) 2.2036789715663083
(3434, 701, 4) 2.322068370873474
(3484, 751, 4) 1.4041545734797083
(3534, 801, 4) 1.5177862622232219
(3584, 851, 4) 1.573717149374442
(3634, 901, 4) 1.6553068742639852
(3645, 1, 5) 2.2746625716625744
(3695, 51, 5) 2.0916210475055017
(3745, 101, 5) 1.299677440041041
(3795, 151, 5) 1.7110945694467965
(3845, 201, 5) 1.8937164750957862
(3895, 251, 5) 1.2024513515308506
(3945, 301, 5) 1.6531006933512202
(3995, 351, 5) 2.4633452956779536
(4045, 401, 5) 2.688580676722381
(4095, 451, 5) 3.094980376442301
(4145, 501, 5) 2.257060494995809
(4195, 551, 5) 2.5623378194465474
(4245, 601, 5) 1.7719969866551892
(4295, 651, 5) 2.5594687600817316
(4345, 701, 5) 2.567243532619539
(4395, 751, 5) 1.9199586671753792
(4445, 801, 5) 2.3847975288065513
(4495, 851, 5) 1.4777820751731667
(4545, 901, 5) 2.1750708743440725
(4556, 1, 6) 2.588275043449787
(4606, 51, 6) 2.0167629032575896
(4656, 101, 6) 1.6951626985304564
(4706, 151, 6) 2.5121124556483494
(4756, 201, 6) 2.4296606825165803
(4806, 251, 6) 2.4236729751935115
(4856, 301, 6) 2.3274235873085765
(4906, 351, 6) 2.1867342427687255
(4956, 401, 6) 2.867274866966845
(5006, 451, 6) 2.704433223916677
(5056, 501, 6) 2.529206720927565
(5106, 551, 6) 2.3570140150087404
(5156, 601, 6) 2.1893525161732406
(5206, 651, 6) 2.8046197937067525
(5256, 701, 6) 3.497661012308292
(5306, 751, 6) 3.0827095344864404
(5356, 801, 6) 2.4786647669999624
(5406, 851, 6) 2.2069919796506348
(5456, 901, 6) 2.41284249718996
(5467, 1, 7) 2.9614302278685223
(5517, 51, 7) 2.85154620248861
(5567, 101, 7) 2.370884464746645
(5617, 151, 7) 3.149540270458939
(5667, 201, 7) 2.742905336464492
(5717, 251, 7) 3.2662121825687116
(5767, 301, 7) 3.1737731075455713
(5817, 351, 7) 3.0325991519534945
(5867, 401, 7) 2.8007272177945417
(5917, 451, 7) 3.2832683205822164
(5967, 501, 7) 3.142452928191144
(6017, 551, 7) 2.684875592026284
(6067, 601, 7) 2.726227379996107
(6117, 651, 7) 3.4139962241019965
(6167, 701, 7) 3.1798376632606313
(6217, 751, 7) 3.0414678214599284
(6267, 801, 7) 3.1708356348141713
(6317, 851, 7) 3.0546781102320324
(6367, 901, 7) 3.0949630919355187
