(1, 1, 1) 11.07993235096979
(21, 21, 1) 9.583042692251828
(41, 41, 1) 7.4319047728593235
(61, 61, 1) 7.265730278568566
(81, 81, 1) 7.252723739694116
(101, 101, 1) 7.203677412696445
(121, 121, 1) 7.2093346805762675
(141, 141, 1) 7.202973355801203
(161, 161, 1) 7.20383779221058
(181, 181, 1) 7.149245575077694
(201, 201, 1) 7.15879054865132
(221, 221, 1) 7.14986839553588
(241, 241, 1) 7.082758343777191
(261, 261, 1) 7.103374525855122
(281, 281, 1) 7.086429023363006
(301, 301, 1) 6.991268188872697
(321, 321, 1) 6.936684374327781
(341, 341, 1) 6.9383785967541725
(361, 361, 1) 6.877483041739701
(381, 381, 1) 6.8426159918764755
(401, 401, 1) 6.824044070473557
(421, 421, 1) 6.7913063130637115
(441, 441, 1) 6.759505824110802
(461, 461, 1) 6.74325426211656
(481, 481, 1) 6.723073801663046
(501, 501, 1) 6.697343903145213
(521, 521, 1) 6.682068471318526
(541, 541, 1) 6.651015686305766
(561, 561, 1) 6.653944906775012
(581, 581, 1) 6.602458563277909
(601, 601, 1) 6.663761215045666
(621, 621, 1) 6.615958350246338
(641, 641, 1) 6.622254356700739
(661, 661, 1) 6.565880007105809
(681, 681, 1) 6.548372497544831
(701, 701, 1) 6.5231801443226205
(721, 721, 1) 6.511771942647165
(741, 741, 1) 6.528259332938852
(761, 761, 1) 6.507053106053005
(781, 781, 1) 6.525094810943271
(801, 801, 1) 6.460979710330454
(821, 821, 1) 6.42894131992381
(841, 841, 1) 6.416503544384694
(861, 861, 1) 6.449220837518759
(881, 881, 1) 6.357267351475411
(901, 901, 1) 6.353922035594012
(912, 1, 2) 6.319524974087593
(932, 21, 2) 6.298715906000821
(952, 41, 2) 6.281986180718689
(972, 61, 2) 6.235232069963996
(992, 81, 2) 6.2075781862739055
(1012, 101, 2) 6.180699136974843
(1032, 121, 2) 6.155427151005211
(1052, 141, 2) 6.150483136714607
(1072, 161, 2) 6.164078716149809
(1092, 181, 2) 6.0939058435204005
(1112, 201, 2) 6.105478564749696
(1132, 221, 2) 6.1069904567049855
(1152, 241, 2) 6.054491742225105
(1172, 261, 2) 6.071449156429474
(1192, 281, 2) 6.063562151768236
(1212, 301, 2) 6.0212027336876455
(1232, 321, 2) 6.0100904357118115
(1252, 341, 2) 6.011922981889006
(1272, 361, 2) 6.001966483265816
(1292, 381, 2) 5.978147260678766
(1312, 401, 2) 5.967182111140506
(1332, 421, 2) 5.950197937831124
(1352, 441, 2) 5.910984136663777
(1372, 461, 2) 5.913618569193245
(1392, 481, 2) 5.89682807791086
(1412, 501, 2) 5.8933815119921125
(1432, 521, 2) 5.862876371948613
(1452, 541, 2) 5.827115527182206
(1472, 561, 2) 5.844605027751259
(1492, 581, 2) 5.79080636604157
(1512, 601, 2) 5.8732472958016615
(1532, 621, 2) 5.8037733843369175
(1552, 641, 2) 5.795326211558921
(1572, 661, 2) 5.763620682384233
(1592, 681, 2) 5.751105370543023
(1612, 701, 2) 5.7273412615034225
(1632, 721, 2) 5.7111014614792115
(1652, 741, 2) 5.727994834529484
(1672, 761, 2) 5.676094993438726
(1692, 781, 2) 5.7057565196701985
(1712, 801, 2) 5.651891684257702
(1732, 821, 2) 5.59389369930743
(1752, 841, 2) 5.619505647057364
(1772, 861, 2) 5.647281564772949
(1792, 881, 2) 5.564706608492052
(1812, 901, 2) 5.552358269270881
(1823, 1, 3) 5.45918131761649
(1843, 21, 3) 5.542289900254299
(1863, 41, 3) 5.570647435790721
(1883, 61, 3) 5.5038923258914405
(1903, 81, 3) 5.473413498616915
(1923, 101, 3) 5.453639960554419
(1943, 121, 3) 5.395176474400759
(1963, 141, 3) 5.415865947790823
(1983, 161, 3) 5.417704905775377
(2003, 181, 3) 5.309782763189985
(2023, 201, 3) 5.343837766024774
(2043, 221, 3) 5.34530894850333
(2063, 241, 3) 5.248955194954715
(2083, 261, 3) 5.254249648661802
(2103, 281, 3) 5.28302054782104
(2123, 301, 3) 5.258468465598268
(2143, 321, 3) 5.204922930171284
(2163, 341, 3) 5.227285399249483
(2183, 361, 3) 5.1970488149546075
(2203, 381, 3) 5.172271809320506
(2223, 401, 3) 5.134506580717742
(2243, 421, 3) 5.144210654691202
(2263, 441, 3) 5.080437313836176
(2283, 461, 3) 5.092757279841339
(2303, 481, 3) 5.0815641987404785
(2323, 501, 3) 5.05069153484999
(2343, 521, 3) 5.0176477458611535
(2363, 541, 3) 4.991479455624046
(2383, 561, 3) 4.978145682163772
(2403, 581, 3) 4.938557512651076
(2423, 601, 3) 5.028881841070338
(2443, 621, 3) 4.943499428254556
(2463, 641, 3) 4.920007866849467
(2483, 661, 3) 4.891240410029253
(2503, 681, 3) 4.896554120174179
(2523, 701, 3) 4.850928498550745
(2543, 721, 3) 4.855852487221734
(2563, 741, 3) 4.830604411346473
(2583, 761, 3) 4.787004701667014
(2603, 781, 3) 4.843187006161673
(2623, 801, 3) 4.796959500676328
(2643, 821, 3) 4.7106611047977385
(2663, 841, 3) 4.755827634505243
(2683, 861, 3) 4.770028052863866
(2703, 881, 3) 4.676151880080301
(2723, 901, 3) 4.711632235591875
(2734, 1, 4) 4.516505391002196
(2754, 21, 4) 4.708113260582768
(2774, 41, 4) 4.73705474765953
(2794, 61, 4) 4.639137882280371
(2814, 81, 4) 4.622508630703601
(2834, 101, 4) 4.618349946559938
(2854, 121, 4) 4.581137221246288
(2874, 141, 4) 4.612636093201136
(2894, 161, 4) 4.6378333689889155
(2914, 181, 4) 4.493083480417502
(2934, 201, 4) 4.532951033944544
(2954, 221, 4) 4.501703545816812
(2974, 241, 4) 4.448650704867693
(2994, 261, 4) 4.42301159921327
(3014, 281, 4) 4.454683816196695
(3034, 301, 4) 4.40519877464968
(3054, 321, 4) 4.353450275046322
(3074, 341, 4) 4.390803546663058
(3094, 361, 4) 4.352106778573257
(3114, 381, 4) 4.3413801250197235
(3134, 401, 4) 4.277127016308851
(3154, 421, 4) 4.329808644886983
(3174, 441, 4) 4.266333932662858
(3194, 461, 4) 4.270971630880109
(3214, 481, 4) 4.265661217946794
(3234, 501, 4) 4.2330243672818195
(3254, 521, 4) 4.203742127072784
(3274, 541, 4) 4.172979947468311
(3294, 561, 4) 4.163017292529416
(3314, 581, 4) 4.140538371984813
(3334, 601, 4) 4.217541111354151
(3354, 621, 4) 4.132237075469203
(3374, 641, 4) 4.129695895263152
(3394, 661, 4) 4.096570399148826
(3414, 681, 4) 4.110267653313503
(3434, 701, 4) 4.060093941695181
(3454, 721, 4) 4.104713836690037
(3474, 741, 4) 4.0693053080404065
(3494, 761, 4) 4.012407948104068
(3514, 781, 4) 4.091390114013367
(3534, 801, 4) 4.049881303977558
(3554, 821, 4) 3.963751501699633
(3574, 841, 4) 4.025310193394422
(3594, 861, 4) 4.027537910733408
(3614, 881, 4) 3.9251727343397755
(3634, 901, 4) 3.9760795543934315
(3645, 1, 5) 3.723508812167196
(3665, 21, 5) 4.005183577974059
(3685, 41, 5) 4.011391469364703
(3705, 61, 5) 3.903221877071471
(3725, 81, 5) 3.876453724808485
(3745, 101, 5) 3.9048633054752364
(3765, 121, 5) 3.87188183026229
(3785, 141, 5) 3.926062247990302
(3805, 161, 5) 3.9533513206721898
(3825, 181, 5) 3.8067836189502016
(3845, 201, 5) 3.866711318370568
(3865, 221, 5) 3.8152858153401277
(3885, 241, 5) 3.7798456978033124
(3905, 261, 5) 3.7283685166064595
(3925, 281, 5) 3.774493506598111
(3945, 301, 5) 3.734874469715418
(3965, 321, 5) 3.692458288315597
(3985, 341, 5) 3.737994768819204
(4005, 361, 5) 3.708789025171633
(4025, 381, 5) 3.6951785368657597
(4045, 401, 5) 3.6306498557774667
(4065, 421, 5) 3.7154094971573857
(4085, 441, 5) 3.6624112319070017
(4105, 461, 5) 3.663081414872077
(4125, 481, 5) 3.6431657796457655
(4145, 501, 5) 3.6086103264700595
(4165, 521, 5) 3.614924763788406
(4185, 541, 5) 3.553354428253119
(4205, 561, 5) 3.57607222393894
(4225, 581, 5) 3.5701358965423635
(4245, 601, 5) 3.6224174145501444
(4265, 621, 5) 3.54497159752112
(4285, 641, 5) 3.525813281315819
(4305, 661, 5) 3.5232285317394973
(4325, 681, 5) 3.548755799617878
(4345, 701, 5) 3.5017592286833397
(4365, 721, 5) 3.5622904001664373
(4385, 741, 5) 3.5003323078055706
(4405, 761, 5) 3.4543660992912555
(4425, 781, 5) 3.539406057730685
(4445, 801, 5) 3.5148121777419457
(4465, 821, 5) 3.4181804898997683
(4485, 841, 5) 3.5063663758246646
(4505, 861, 5) 3.5002451210411065
(4525, 881, 5) 3.4164007768986266
(4545, 901, 5) 3.4615302164545527
(4556, 1, 6) 3.2078470529816685
(4576, 21, 6) 3.497636044726928
(4596, 41, 6) 3.5083664868959503
(4616, 61, 6) 3.390722815000939
(4636, 81, 6) 3.3684785795416383
(4656, 101, 6) 3.4031051718271272
(4676, 121, 6) 3.3816927665455787
(4696, 141, 6) 3.4481134890213716
(4716, 161, 6) 3.4738371911577772
(4736, 181, 6) 3.340043364883802
(4756, 201, 6) 3.400041003855434
(4776, 221, 6) 3.3363130433824786
(4796, 241, 6) 3.315931196363633
(4816, 261, 6) 3.276284936653609
(4836, 281, 6) 3.324722300023506
(4856, 301, 6) 3.270854800410955
(4876, 321, 6) 3.2511075093273525
(4896, 341, 6) 3.289951625828265
(4916, 361, 6) 3.2683618743530074
(4936, 381, 6) 3.257636716298858
(4956, 401, 6) 3.195793947852347
(4976, 421, 6) 3.288723331117012
(4996, 441, 6) 3.237453841728384
(5016, 461, 6) 3.2438268502701346
(5036, 481, 6) 3.231228457094121
(5056, 501, 6) 3.1848969931895352
(5076, 521, 6) 3.1975235704646963
(5096, 541, 6) 3.1300165200741232
(5116, 561, 6) 3.157442010534189
(5136, 581, 6) 3.1809135847084367
(5156, 601, 6) 3.2212944897816387
(5176, 621, 6) 3.115341563909019
(5196, 641, 6) 3.1319133044962433
(5216, 661, 6) 3.1518663496627033
(5236, 681, 6) 3.1674873929678116
(5256, 701, 6) 3.1110707553320553
(5276, 721, 6) 3.177230828267816
(5296, 741, 6) 3.1090665122601715
(5316, 761, 6) 3.0686002929673473
(5336, 781, 6) 3.1634537301198318
(5356, 801, 6) 3.1556085623306847
(5376, 821, 6) 3.048927347655849
(5396, 841, 6) 3.1634416229809887
(5416, 861, 6) 3.1360885979376465
(5436, 881, 6) 3.053527228674265
(5456, 901, 6) 3.0897942560033984
(5467, 1, 7) 2.8095712437012863
(5487, 21, 7) 3.1367594364516322
(5507, 41, 7) 3.137463103141518
(5527, 61, 7) 3.0224468444699277
(5547, 81, 7) 3.0008930030473624
(5567, 101, 7) 3.052669412122062
(5587, 121, 7) 3.029373991477495
(5607, 141, 7) 3.1210116029991046
(5627, 161, 7) 3.138108270315876
(5647, 181, 7) 2.9971870290934994
(5667, 201, 7) 3.07349665332925
(5687, 221, 7) 2.975076386985878
(5707, 241, 7) 2.9738381044718927
(5727, 261, 7) 2.951354646942199
(5747, 281, 7) 2.994598801258647
(5767, 301, 7) 2.9549727427259036
(5787, 321, 7) 2.935826616711301
(5807, 341, 7) 2.9804395506496224
(5827, 361, 7) 2.96202814328944
(5847, 381, 7) 2.9353875972236976
(5867, 401, 7) 2.876951186006853
(5887, 421, 7) 2.9820409142170248
(5907, 441, 7) 2.918578733317779
(5927, 461, 7) 2.923436112058392
(5947, 481, 7) 2.940840182829781
(5967, 501, 7) 2.8720148108382073
(5987, 521, 7) 2.895898452636108
(6007, 541, 7) 2.8307925585082936
(6027, 561, 7) 2.856969659477076
(6047, 581, 7) 2.8923962760546633
(6067, 601, 7) 2.923625065788059
(6087, 621, 7) 2.8206364273856934
(6107, 641, 7) 2.8342606437233253
(6127, 661, 7) 2.8655119608154482
(6147, 681, 7) 2.883132599044292
(6167, 701, 7) 2.810972354543611
(6187, 721, 7) 2.9106310003707008
(6207, 741, 7) 2.824969108903333
(6227, 761, 7) 2.778293913323714
(6247, 781, 7) 2.8799570811000765
(6267, 801, 7) 2.8735756064741604
(6287, 821, 7) 2.772678727876595
(6307, 841, 7) 2.89204989623988
(6327, 861, 7) 2.857969133984493
(6347, 881, 7) 2.787504139368877
(6367, 901, 7) 2.832530458668038
