(1, 1, 1) 22.115852592031764
(51, 51, 1) 14.357212645773131
(101, 101, 1) 14.335068903491692
(151, 151, 1) 14.294432087927333
(201, 201, 1) 14.171188931967064
(251, 251, 1) 14.180138041261173
(301, 301, 1) 14.288228936214097
(351, 351, 1) 14.5142307471474
(401, 401, 1) 14.970342032555424
(451, 451, 1) 15.417184664129378
(501, 501, 1) 15.676926462443232
(551, 551, 1) 15.940249248578379
(601, 601, 1) 15.430212887270446
(651, 651, 1) 16.28745616945875
(701, 701, 1) 15.738090737484178
(751, 751, 1) 15.881183828816505
(801, 801, 1) 15.92040286983409
(851, 851, 1) 15.903336644121298
(901, 901, 1) 15.8315328366765
(912, 1, 2) 15.631031642039929
(962, 51, 2) 15.770742100135896
(1012, 101, 2) 15.849441108833847
(1062, 151, 2) 15.669111881522124
(1112, 201, 2) 15.758207172713645
(1162, 251, 2) 15.970265777203497
(1212, 301, 2) 15.950752621456285
(1262, 351, 2) 16.270325654529675
(1312, 401, 2) 16.221868750542328
(1362, 451, 2) 16.488594709399827
(1412, 501, 2) 16.31747604276084
(1462, 551, 2) 16.467348225563473
(1512, 601, 2) 16.320527934566435
(1562, 651, 2) 16.125642386974462
(1612, 701, 2) 16.381077875339194
(1662, 751, 2) 16.107790122244207
(1712, 801, 2) 16.65466736016294
(1762, 851, 2) 16.33680160863878
(1812, 901, 2) 16.598592177754917
(1823, 1, 3) 16.358340762339118
(1873, 51, 3) 16.35861225835407
(1923, 101, 3) 16.3103406396391
(1973, 151, 3) 16.224696743577674
(2023, 201, 3) 16.18641055842648
(2073, 251, 3) 16.296709732856748
(2123, 301, 3) 16.48081831764832
(2173, 351, 3) 16.69580926151342
(2223, 401, 3) 16.78634090388139
(2273, 451, 3) 16.782595947071776
(2323, 501, 3) 16.52572745649391
(2373, 551, 3) 16.872566488952867
(2423, 601, 3) 16.850242651256313
(2473, 651, 3) 16.593716657698682
(2523, 701, 3) 16.67644254719987
(2573, 751, 3) 16.628170950391493
(2623, 801, 3) 16.49679233074751
(2673, 851, 3) 16.47232006139578
(2723, 901, 3) 16.692442953146674
(2734, 1, 4) 16.801666719295334
(2784, 51, 4) 16.62865419339491
(2834, 101, 4) 16.524400952948685
(2884, 151, 4) 16.44030512863143
(2934, 201, 4) 16.61954586331715
(2984, 251, 4) 16.476043398726045
(3034, 301, 4) 16.37993067702226
(3084, 351, 4) 16.691247126445056
(3134, 401, 4) 16.832547994518556
(3184, 451, 4) 16.797160189620712
(3234, 501, 4) 16.77694362305797
(3284, 551, 4) 16.6158970760285
(3334, 601, 4) 16.548893015753414
(3384, 651, 4) 16.59683965597605
(3434, 701, 4) 16.630464614343335
(3484, 751, 4) 16.918919247790463
(3534, 801, 4) 16.712656145073424
(3584, 851, 4) 16.869536203086042
(3634, 901, 4) 16.917640862109806
(3645, 1, 5) 16.794867649080164
(3695, 51, 5) 16.71057859268887
(3745, 101, 5) 16.539557068504287
(3795, 151, 5) 16.68173974606386
(3845, 201, 5) 17.035406984900874
(3895, 251, 5) 16.80993058271786
(3945, 301, 5) 16.430160693444982
(3995, 351, 5) 16.681270968167212
(4045, 401, 5) 16.823247632763195
(4095, 451, 5) 16.46671541167566
(4145, 501, 5) 16.626181665392533
(4195, 551, 5) 16.983248230568062
(4245, 601, 5) 16.715014424904087
(4295, 651, 5) 16.27912415957289
(4345, 701, 5) 16.41793893726372
(4395, 751, 5) 16.711087969966385
(4445, 801, 5) 16.64946923785385
(4495, 851, 5) 16.602478093771936
(4545, 901, 5) 16.72511294658257
(4556, 1, 6) 16.372812584780036
(4606, 51, 6) 16.270097837085906
(4656, 101, 6) 16.568387393363913
(4706, 151, 6) 16.59097132313147
(4756, 201, 6) 16.803758016352997
(4806, 251, 6) 16.630911347851857
(4856, 301, 6) 16.30657630661345
(4906, 351, 6) 16.633529342985
(4956, 401, 6) 16.411072730712455
(5006, 451, 6) 16.842252133767538
(5056, 501, 6) 16.568649408181123
(5106, 551, 6) 16.92901633259094
(5156, 601, 6) 16.496919308384953
(5206, 651, 6) 16.712893170327302
(5256, 701, 6) 16.70393655040545
(5306, 751, 6) 16.909954243422735
(5356, 801, 6) 16.48288813272712
(5406, 851, 6) 16.290535220764724
(5456, 901, 6) 16.341395471548708
(5467, 1, 7) 16.251257926191975
(5517, 51, 7) 16.289568409909297
(5567, 101, 7) 16.493993985374125
(5617, 151, 7) 15.941866875532419
(5667, 201, 7) 16.166805044192454
(5717, 251, 7) 16.467398714675625
(5767, 301, 7) 16.53245398724941
(5817, 351, 7) 17.073388263476986
(5867, 401, 7) 16.7232105001698
(5917, 451, 7) 16.5174813387423
(5967, 501, 7) 16.426293855312796
(6017, 551, 7) 16.830117807110327
(6067, 601, 7) 16.305006792290126
(6117, 651, 7) 16.68799177059773
(6167, 701, 7) 16.094008238401873
(6217, 751, 7) 16.200074607139413
(6267, 801, 7) 16.211597319758106
(6317, 851, 7) 16.264574990814236
(6367, 901, 7) 16.389088919807637
