(1, 1, 1) 0.09836065573770492
(51, 51, 1) 0.0
(101, 101, 1) 0.0
(151, 151, 1) 0.0
(201, 201, 1) 0.7334963325183375
(251, 251, 1) 0.7334963325183375
(301, 301, 1) 0.7334963325183375
(351, 351, 1) 0.7334963325183375
(401, 401, 1) 0.7352941176470588
(451, 451, 1) 0.7352941176470588
(501, 501, 1) 0.7228915662650601
(551, 551, 1) 0.7142857142857143
(601, 601, 1) 0.7194244604316548
(651, 651, 1) 1.1857707509881426
(701, 701, 1) 0.8706253149232179
(751, 751, 1) 0.9338110416258235
(801, 801, 1) 1.120831409174676
(851, 851, 1) 1.1790024917798858
(901, 901, 1) 1.1064032182495576
(912, 1, 2) 1.0264259786725558
(962, 51, 2) 1.231642033515618
(1012, 101, 2) 1.129283025013912
(1062, 151, 2) 1.4306476012520706
(1112, 201, 2) 1.1924620530253507
(1162, 251, 2) 1.4731380410700452
(1212, 301, 2) 1.5425576945999415
(1262, 351, 2) 1.5143533787729258
(1312, 401, 2) 1.7108432706462648
(1362, 451, 2) 1.9421477354053363
(1412, 501, 2) 2.009500783879646
(1462, 551, 2) 1.601831374820023
(1512, 601, 2) 1.7719024319725922
(1562, 651, 2) 1.8785060563826277
(1612, 701, 2) 1.6578962678179858
(1662, 751, 2) 1.9298925414592292
(1712, 801, 2) 1.6749614122262193
(1762, 851, 2) 1.9538028151041287
(1812, 901, 2) 1.5045223043743516
(1823, 1, 3) 1.5703956616270949
(1873, 51, 3) 1.5246420537440715
(1923, 101, 3) 1.4178118453680084
(1973, 151, 3) 1.7498342951293502
(2023, 201, 3) 1.2855405636955837
(2073, 251, 3) 1.7020546505026495
(2123, 301, 3) 1.539158662628991
(2173, 351, 3) 1.5986411902456155
(2223, 401, 3) 1.5924159484239722
(2273, 451, 3) 1.6491368807048248
(2323, 501, 3) 1.296841774477595
(2373, 551, 3) 1.162686502426777
(2423, 601, 3) 1.4435346491846432
(2473, 651, 3) 1.749871878818713
(2523, 701, 3) 1.3669908088135785
(2573, 751, 3) 1.636941546067298
(2623, 801, 3) 1.3366774726731643
(2673, 851, 3) 1.5308269329076747
(2723, 901, 3) 1.2559135815461713
(2734, 1, 4) 1.1759028701991243
(2784, 51, 4) 0.8828349565972013
(2834, 101, 4) 1.4371737986674178
(2884, 151, 4) 1.704061857852798
(2934, 201, 4) 1.246451951480125
(2984, 251, 4) 1.1683120963509752
(3034, 301, 4) 1.032343502342006
(3084, 351, 4) 1.2630601276009765
(3134, 401, 4) 0.992962119626597
(3184, 451, 4) 1.1426837817482005
(3234, 501, 4) 1.1264864442801985
(3284, 551, 4) 1.0131581244312515
(3334, 601, 4) 1.0126886860433237
(3384, 651, 4) 0.938143671724921
(3434, 701, 4) 1.0100215639215533
(3484, 751, 4) 0.7565600990139082
(3534, 801, 4) 0.9270427711481088
(3584, 851, 4) 0.8569735980168134
(3634, 901, 4) 0.990377452754508
(3645, 1, 5) 0.8537643305698516
(3695, 51, 5) 0.9359571656816963
(3745, 101, 5) 0.6550895116335606
(3795, 151, 5) 0.5177878964083827
(3845, 201, 5) 0.7303970506445833
(3895, 251, 5) 0.8853471183338535
(3945, 301, 5) 1.0057662760444097
(3995, 351, 5) 0.6614657478180036
(4045, 401, 5) 0.9215215353638176
(4095, 451, 5) 0.7149579989575668
(4145, 501, 5) 0.8552769308464739
(4195, 551, 5) 0.9254246727419823
(4245, 601, 5) 0.8278812107373924
(4295, 651, 5) 0.8952463505023264
(4345, 701, 5) 1.0710182052152146
(4395, 751, 5) 0.984015752002174
(4445, 801, 5) 1.0363992541171883
(4495, 851, 5) 0.9873517045676622
(4545, 901, 5) 0.7818927705465859
(4556, 1, 6) 0.8579002870334446
(4606, 51, 6) 0.8076218561154755
(4656, 101, 6) 0.5110485300305938
(4706, 151, 6) 0.5505857675651646
(4756, 201, 6) 0.7628448307896392
(4806, 251, 6) 1.0570872664174207
(4856, 301, 6) 1.0066899860088785
(4906, 351, 6) 0.9227023205339728
(4956, 401, 6) 1.250885624672614
(5006, 451, 6) 1.1241457246936752
(5056, 501, 6) 1.0927023535852491
(5106, 551, 6) 0.6868466622381785
(5156, 601, 6) 0.7786291760777562
(5206, 651, 6) 0.5510090831293116
(5256, 701, 6) 0.9755093671629991
(5306, 751, 6) 0.9553940427330414
(5356, 801, 6) 1.2347741467777291
(5406, 851, 6) 0.7370203895892778
(5456, 901, 6) 0.7520819989786848
(5467, 1, 7) 0.5953351664755027
(5517, 51, 7) 0.8311161554326327
(5567, 101, 7) 0.7165450897900428
(5617, 151, 7) 0.9010102968577244
(5667, 201, 7) 0.6041330899005336
(5717, 251, 7) 1.1186656972180475
(5767, 301, 7) 0.7013566124685595
(5817, 351, 7) 0.9426278249116208
(5867, 401, 7) 1.154738629636642
(5917, 451, 7) 1.1028754056860541
(5967, 501, 7) 1.06369508965201
(6017, 551, 7) 0.9734597027076414
(6067, 601, 7) 0.7282680560590831
(6117, 651, 7) 0.7673842271869316
(6167, 701, 7) 0.8675222768027047
(6217, 751, 7) 0.9357508890171624
(6267, 801, 7) 1.0131646074886647
(6317, 851, 7) 0.7708968356054067
(6367, 901, 7) 0.36806527945291617
