(1, 1, 1) 0.09836065573770492
(51, 51, 1) 0.0
(101, 101, 1) 0.0
(151, 151, 1) 0.0
(201, 201, 1) 0.7334963325183375
(251, 251, 1) 0.7334963325183375
(301, 301, 1) 0.7334963325183375
(351, 351, 1) 0.7334963325183375
(401, 401, 1) 0.7352941176470588
(451, 451, 1) 0.7352941176470588
(501, 501, 1) 0.7228915662650601
(551, 551, 1) 0.7142857142857143
(601, 601, 1) 0.7194244604316548
(651, 651, 1) 1.1857707509881426
(701, 701, 1) 0.8747003267481058
(751, 751, 1) 0.9351407061959037
(801, 801, 1) 1.1219415075337027
(851, 851, 1) 1.1792164762532757
(901, 901, 1) 1.107201727251232
(912, 1, 2) 1.0274569819456527
(962, 51, 2) 1.2317403099218818
(1012, 101, 2) 1.1301394025533293
(1062, 151, 2) 1.4313300859384366
(1112, 201, 2) 1.1926547415290036
(1162, 251, 2) 1.4731726635971738
(1212, 301, 2) 1.5431726269120842
(1262, 351, 2) 1.5144234596871529
(1312, 401, 2) 1.710901535856958
(1362, 451, 2) 1.9424692770896879
(1412, 501, 2) 2.0108470884433123
(1462, 551, 2) 1.6021839689583415
(1512, 601, 2) 1.7724582861191378
(1562, 651, 2) 1.8791767757250264
(1612, 701, 2) 1.6590671437770956
(1662, 751, 2) 1.9300615239806453
(1712, 801, 2) 1.6750151720951474
(1762, 851, 2) 1.9544027812325826
(1812, 901, 2) 1.5046600736879363
(1823, 1, 3) 1.5704230286178265
(1873, 51, 3) 1.5248430858183564
(1923, 101, 3) 1.4180603533405562
(1973, 151, 3) 1.7502011862804836
(2023, 201, 3) 1.2855920000995205
(2073, 251, 3) 1.7030292635690245
(2123, 301, 3) 1.539251694550294
(2173, 351, 3) 1.5988568939349512
(2223, 401, 3) 1.5925890822879607
(2273, 451, 3) 1.6494731153357156
(2323, 501, 3) 1.2969077880375288
(2373, 551, 3) 1.1627342783857229
(2423, 601, 3) 1.4436031429040397
(2473, 651, 3) 1.7500457780918406
(2523, 701, 3) 1.367034761231684
(2573, 751, 3) 1.6371744552031027
(2623, 801, 3) 1.3367650014545653
(2673, 851, 3) 1.5309210651879719
(2723, 901, 3) 1.256008026149935
(2734, 1, 4) 1.1760017799301234
(2784, 51, 4) 0.8829224372415887
(2834, 101, 4) 1.4372371857416668
(2884, 151, 4) 1.704881925469691
(2934, 201, 4) 1.2464719790656154
(2984, 251, 4) 1.168371004667384
(3034, 301, 4) 1.0324055970430055
(3084, 351, 4) 1.2631876861472384
(3134, 401, 4) 0.9930098746277887
(3184, 451, 4) 1.1427079930801818
(3234, 501, 4) 1.1265046778414578
(3284, 551, 4) 1.0132312689046563
(3334, 601, 4) 1.0127338086599977
(3384, 651, 4) 0.9381582525850637
(3434, 701, 4) 1.010058846015173
(3484, 751, 4) 0.756610315969294
(3534, 801, 4) 0.927092601023388
(3584, 851, 4) 0.857044614982687
(3634, 901, 4) 0.9904029548846217
(3645, 1, 5) 0.8538089774082988
(3695, 51, 5) 0.9359667471938613
(3745, 101, 5) 0.6551838255767699
(3795, 151, 5) 0.5178008557819056
(3845, 201, 5) 0.7304799832916082
(3895, 251, 5) 0.8853795718510912
(3945, 301, 5) 1.005829185649633
(3995, 351, 5) 0.6615064606743706
(4045, 401, 5) 0.9215609571062047
(4095, 451, 5) 0.7149956170443039
(4145, 501, 5) 0.8554867322338775
(4195, 551, 5) 0.9254951054153178
(4245, 601, 5) 0.8280267599173857
(4295, 651, 5) 0.8953462448187778
(4345, 701, 5) 1.0710768001287407
(4395, 751, 5) 0.9841953627626641
(4445, 801, 5) 1.0365071367781575
(4495, 851, 5) 0.9874564804671538
(4545, 901, 5) 0.7819557111567186
(4556, 1, 6) 0.8580533362215793
(4606, 51, 6) 0.8076975911487988
(4656, 101, 6) 0.5111093758115504
(4706, 151, 6) 0.550651937716282
(4756, 201, 6) 0.762914097878487
(4806, 251, 6) 1.057187320716745
(4856, 301, 6) 1.0068563576629541
(4906, 351, 6) 0.9228064693814418
(4956, 401, 6) 1.2510231894462247
(5006, 451, 6) 1.124327773256425
(5056, 501, 6) 1.0929297543069947
(5106, 551, 6) 0.686906192930062
(5156, 601, 6) 0.7787873288747249
(5206, 651, 6) 0.5512046409092369
(5256, 701, 6) 0.9756234158754571
(5306, 751, 6) 0.9555506780516244
(5356, 801, 6) 1.2349832784398491
(5406, 851, 6) 0.7371745542349619
(5456, 901, 6) 0.7523878637964487
(5467, 1, 7) 0.5954459667255805
(5517, 51, 7) 0.8312931843944983
(5567, 101, 7) 0.7167109874359824
(5617, 151, 7) 0.9011862978041697
(5667, 201, 7) 0.6042101293227542
(5717, 251, 7) 1.1189394947919413
(5767, 301, 7) 0.7014971777402101
(5817, 351, 7) 0.9428666923171979
(5867, 401, 7) 1.1549568687705452
(5917, 451, 7) 1.103225811674586
(5967, 501, 7) 1.0639441286351552
(6017, 551, 7) 0.9736163844326785
(6067, 601, 7) 0.7284312628145094
(6117, 651, 7) 0.7676185250708015
(6167, 701, 7) 0.8677447722828617
(6217, 751, 7) 0.9360834796060449
(6267, 801, 7) 1.0134345423403424
(6317, 851, 7) 0.7710870419072501
(6367, 901, 7) 0.36815795046538735
