(1, 1, 1) 66.43694214872298
(51, 51, 1) 66.44564576242679
(101, 101, 1) 66.44564576242679
(151, 151, 1) 66.44564576242679
(201, 201, 1) 68.50195574635853
(251, 251, 1) 66.89184177491781
(301, 301, 1) 67.59158663592896
(351, 351, 1) 67.43672397739238
(401, 401, 1) 66.38900614479036
(451, 451, 1) 66.38900614479036
(501, 501, 1) 66.3794063666519
(551, 551, 1) 66.3731480259381
(601, 601, 1) 66.3794063666519
(651, 651, 1) 66.41612339771264
(701, 701, 1) 66.491737361969
(751, 751, 1) 66.53799958657969
(801, 801, 1) 66.75368540169406
(851, 851, 1) 67.05693627680364
(901, 901, 1) 66.67861011944707
(912, 1, 2) 66.95343867733317
(962, 51, 2) 67.63353206336001
(1012, 101, 2) 67.07332094029556
(1062, 151, 2) 67.70776547584393
(1112, 201, 2) 67.41798890313133
(1162, 251, 2) 67.73474302255302
(1212, 301, 2) 67.27837261228082
(1262, 351, 2) 67.72429784610915
(1312, 401, 2) 67.43011889890712
(1362, 451, 2) 67.78435426613876
(1412, 501, 2) 67.18089717896866
(1462, 551, 2) 67.18335102458569
(1512, 601, 2) 67.54088668158874
(1562, 651, 2) 66.9328105833198
(1612, 701, 2) 67.22848608761439
(1662, 751, 2) 67.20036481752271
(1712, 801, 2) 67.08790052455257
(1762, 851, 2) 67.0398465515107
(1812, 901, 2) 66.85712323071273
(1823, 1, 3) 67.50299945778039
(1873, 51, 3) 66.99480409411306
(1923, 101, 3) 67.13089203661558
(1973, 151, 3) 67.05204706535123
(2023, 201, 3) 66.9638993942917
(2073, 251, 3) 66.42137812430904
(2123, 301, 3) 67.42635676067515
(2173, 351, 3) 66.96475690741185
(2223, 401, 3) 66.86960782272149
(2273, 451, 3) 66.76960269453019
(2323, 501, 3) 67.13469824559559
(2373, 551, 3) 66.92822600108596
(2423, 601, 3) 67.3145597800429
(2473, 651, 3) 66.38988558502139
(2523, 701, 3) 66.45693046107021
(2573, 751, 3) 67.0709801292447
(2623, 801, 3) 67.11433408872183
(2673, 851, 3) 66.61747178033707
(2723, 901, 3) 65.64044405968919
(2734, 1, 4) 66.28112773348523
(2784, 51, 4) 66.23675645186937
(2834, 101, 4) 66.1526185035714
(2884, 151, 4) 65.96622742510877
(2934, 201, 4) 65.99342176848282
(2984, 251, 4) 65.29845881293267
(3034, 301, 4) 65.37536573455208
(3084, 351, 4) 65.92483548999162
(3134, 401, 4) 64.77561563063033
(3184, 451, 4) 65.28885861044344
(3234, 501, 4) 64.64028857670205
(3284, 551, 4) 63.89013327274813
(3334, 601, 4) 65.10785372173945
(3384, 651, 4) 64.18895847119603
(3434, 701, 4) 64.40484851954615
(3484, 751, 4) 65.28207447859843
(3534, 801, 4) 64.30185902141699
(3584, 851, 4) 64.11683785978829
(3634, 901, 4) 64.08224962059424
(3645, 1, 5) 62.69368219203696
(3695, 51, 5) 64.35391289638818
(3745, 101, 5) 64.65282192522851
(3795, 151, 5) 63.45717020667827
(3845, 201, 5) 63.904837850731724
(3895, 251, 5) 64.07865966639335
(3945, 301, 5) 63.47617428698399
(3995, 351, 5) 63.05785902455494
(4045, 401, 5) 63.056976033959764
(4095, 451, 5) 63.09655422118568
(4145, 501, 5) 62.17952412126289
(4195, 551, 5) 62.37250898411402
(4245, 601, 5) 63.10010073633023
(4295, 651, 5) 61.385139808816724
(4345, 701, 5) 61.47723531580689
(4395, 751, 5) 61.712439172382204
(4445, 801, 5) 61.317737019552844
(4495, 851, 5) 62.83337021891982
(4545, 901, 5) 61.11752737176277
(4556, 1, 6) 60.265756793810525
(4606, 51, 6) 61.17767452652261
(4656, 101, 6) 60.055822118812216
(4706, 151, 6) 59.05525599166591
(4756, 201, 6) 58.472084540223214
(4806, 251, 6) 57.70445558600421
(4856, 301, 6) 58.34200091049967
(4906, 351, 6) 59.84127504914074
(4956, 401, 6) 58.51174545354796
(5006, 451, 6) 59.20587543619782
(5056, 501, 6) 59.61929893219284
(5106, 551, 6) 59.14547785205314
(5156, 601, 6) 58.35784428640922
(5206, 651, 6) 55.54898973376512
(5256, 701, 6) 56.10814398661754
(5306, 751, 6) 57.381022011454604
(5356, 801, 6) 57.223658917484045
(5406, 851, 6) 57.78865092470391
(5456, 901, 6) 57.62369317054159
(5467, 1, 7) 57.967874757084246
(5517, 51, 7) 57.94955737240706
(5567, 101, 7) 58.29222971902046
(5617, 151, 7) 56.21239879798766
(5667, 201, 7) 56.36555661676027
(5717, 251, 7) 54.649672942166795
(5767, 301, 7) 55.235409648546174
(5817, 351, 7) 55.76069830485384
(5867, 401, 7) 57.24672666738224
(5917, 451, 7) 54.788766734736235
(5967, 501, 7) 54.01982003104917
(6017, 551, 7) 56.68212224175375
(6067, 601, 7) 54.64522790930717
(6117, 651, 7) 52.784827255891265
(6167, 701, 7) 53.75052283443205
(6217, 751, 7) 54.374036538341954
(6267, 801, 7) 54.873486071821034
(6317, 851, 7) 52.46141847080047
(6367, 901, 7) 55.26853610371164
