(1, 1, 1) 28.428143483882398
(51, 51, 1) 28.367070012892555
(101, 101, 1) 28.367070012892555
(151, 151, 1) 28.367070012892555
(201, 201, 1) 34.40178097272795
(251, 251, 1) 30.543505324193706
(301, 301, 1) 32.286923144348314
(351, 351, 1) 31.911186792133062
(401, 401, 1) 29.21418984470779
(451, 451, 1) 29.21418984470779
(501, 501, 1) 29.298644030483832
(551, 551, 1) 29.311328071268367
(601, 601, 1) 29.297488328539362
(651, 651, 1) 29.673997845191607
(701, 701, 1) 29.679838477132503
(751, 751, 1) 29.97530205811486
(801, 801, 1) 31.084203041560396
(851, 851, 1) 31.845726495348117
(901, 901, 1) 30.95336234052769
(912, 1, 2) 31.924501498129814
(962, 51, 2) 33.408378114667364
(1012, 101, 2) 32.909513561391634
(1062, 151, 2) 34.01845139769804
(1112, 201, 2) 33.389666528339774
(1162, 251, 2) 34.48251784382799
(1212, 301, 2) 33.63628401797869
(1262, 351, 2) 34.862524485600126
(1312, 401, 2) 34.14079190284158
(1362, 451, 2) 35.034981672239724
(1412, 501, 2) 34.0635775095027
(1462, 551, 2) 34.24438235517365
(1512, 601, 2) 34.71918937646627
(1562, 651, 2) 33.63920726848707
(1612, 701, 2) 34.00727115251498
(1662, 751, 2) 34.6418609600773
(1712, 801, 2) 34.15227894794715
(1762, 851, 2) 34.36628117352611
(1812, 901, 2) 33.51801865028761
(1823, 1, 3) 34.90310677173289
(1873, 51, 3) 34.10212384861543
(1923, 101, 3) 34.394061146569406
(1973, 151, 3) 34.602453550579106
(2023, 201, 3) 33.9053670832333
(2073, 251, 3) 33.7283769296948
(2123, 301, 3) 34.99603200024418
(2173, 351, 3) 34.19890047049911
(2223, 401, 3) 34.374883761281204
(2273, 451, 3) 34.08402953455977
(2323, 501, 3) 35.02923552335839
(2373, 551, 3) 35.15709746377381
(2423, 601, 3) 35.54787781121357
(2473, 651, 3) 34.58109600851008
(2523, 701, 3) 34.56394877970421
(2573, 751, 3) 35.57998613750491
(2623, 801, 3) 35.9836589233353
(2673, 851, 3) 35.60865038539458
(2723, 901, 3) 34.86829093050866
(2734, 1, 4) 35.51492638994721
(2784, 51, 4) 35.703325586940544
(2834, 101, 4) 35.666127706472906
(2884, 151, 4) 36.06079974205725
(2934, 201, 4) 35.944636714799664
(2984, 251, 4) 35.83359901353743
(3034, 301, 4) 36.39700323604555
(3084, 351, 4) 37.09384046860392
(3134, 401, 4) 36.380784992834016
(3184, 451, 4) 36.946744460876545
(3234, 501, 4) 36.83655980107491
(3284, 551, 4) 36.748783268828426
(3334, 601, 4) 37.36698890441043
(3384, 651, 4) 36.924627224086244
(3434, 701, 4) 36.878708665543115
(3484, 751, 4) 37.8815653834063
(3534, 801, 4) 37.738139214339846
(3584, 851, 4) 37.66862076130271
(3634, 901, 4) 37.33659759039514
(3645, 1, 5) 37.80450394121461
(3695, 51, 5) 38.35230833490405
(3745, 101, 5) 38.563850623142635
(3795, 151, 5) 37.7555199421762
(3845, 201, 5) 38.35394749345638
(3895, 251, 5) 38.73694986826891
(3945, 301, 5) 38.85870761359649
(3995, 351, 5) 37.906696624300196
(4045, 401, 5) 39.10982689087633
(4095, 451, 5) 38.846181469575335
(4145, 501, 5) 38.98346475678941
(4195, 551, 5) 38.638349745218285
(4245, 601, 5) 39.162817988987975
(4295, 651, 5) 39.03339991216752
(4345, 701, 5) 39.15674294677754
(4395, 751, 5) 38.96633716585524
(4445, 801, 5) 39.16250604081343
(4495, 851, 5) 39.632740865034684
(4545, 901, 5) 38.552836614981636
(4556, 1, 6) 39.19301995646296
(4606, 51, 6) 39.24485193786345
(4656, 101, 6) 38.26820321910727
(4706, 151, 6) 38.688124539849774
(4756, 201, 6) 38.137134752787745
(4806, 251, 6) 38.00979299156982
(4856, 301, 6) 38.71673273401459
(4906, 351, 6) 39.14918989566511
(4956, 401, 6) 38.96769458498758
(5006, 451, 6) 39.33486011290435
(5056, 501, 6) 39.72879039942194
(5106, 551, 6) 38.79628962150425
(5156, 601, 6) 38.608341181751626
(5206, 651, 6) 38.05544229671006
(5256, 701, 6) 38.43508285196393
(5306, 751, 6) 39.17759344132421
(5356, 801, 6) 39.18432634338401
(5406, 851, 6) 39.044075507275515
(5456, 901, 6) 39.19029442792722
(5467, 1, 7) 39.77787139431172
(5517, 51, 7) 39.48939807505283
(5567, 101, 7) 39.65732838273009
(5617, 151, 7) 39.1589793899208
(5667, 201, 7) 38.77991811079928
(5717, 251, 7) 38.9116940541603
(5767, 301, 7) 38.67112806523994
(5817, 351, 7) 38.349267528283804
(5867, 401, 7) 39.62152060002993
(5917, 451, 7) 38.50831194792475
(5967, 501, 7) 38.121723144053156
(6017, 551, 7) 39.02090795997316
(6067, 601, 7) 38.23804624190434
(6117, 651, 7) 37.84238475365666
(6167, 701, 7) 38.56163204472574
(6217, 751, 7) 38.374311764324155
(6267, 801, 7) 38.87655011212029
(6317, 851, 7) 37.35524271498962
(6367, 901, 7) 39.00864199006426
