(1, 1, 1) 18.882126347422677
(51, 51, 1) 18.778628329374357
(101, 101, 1) 18.778628329374357
(151, 151, 1) 18.778628329374357
(201, 201, 1) 34.52918035799166
(251, 251, 1) 25.028324310715117
(301, 301, 1) 29.334794728865702
(351, 351, 1) 28.407898497249967
(401, 401, 1) 20.935183093941983
(451, 451, 1) 20.935183093941983
(501, 501, 1) 21.27454915414012
(551, 551, 1) 21.3415512009568
(601, 601, 1) 21.27454915414012
(651, 651, 1) 22.02563552964877
(701, 701, 1) 23.162182465845753
(751, 751, 1) 24.176330882990996
(801, 801, 1) 27.269544796250294
(851, 851, 1) 29.10916225737964
(901, 901, 1) 26.933488281919765
(912, 1, 2) 29.54773840741381
(962, 51, 2) 32.93572493747011
(1012, 101, 2) 32.500639895198105
(1062, 151, 2) 34.57041128741148
(1112, 201, 2) 33.33748381726295
(1162, 251, 2) 36.09951695444249
(1212, 301, 2) 34.225548359474026
(1262, 351, 2) 37.297635980897255
(1312, 401, 2) 35.264438012457845
(1362, 451, 2) 37.22743297953384
(1412, 501, 2) 35.2908151712278
(1462, 551, 2) 35.89414956545855
(1512, 601, 2) 36.70508059848344
(1562, 651, 2) 34.50893797632029
(1612, 701, 2) 35.19588484372804
(1662, 751, 2) 36.96923343399693
(1712, 801, 2) 35.740849488863894
(1762, 851, 2) 36.38734172162017
(1812, 901, 2) 34.36461300872296
(1823, 1, 3) 37.53523963816815
(1873, 51, 3) 35.903167243664335
(1923, 101, 3) 36.715245603672585
(1973, 151, 3) 36.98589080677477
(2023, 201, 3) 35.297900381438865
(2073, 251, 3) 35.320597722696064
(2123, 301, 3) 37.8522409051404
(2173, 351, 3) 36.04010950599634
(2223, 401, 3) 36.81806344378826
(2273, 451, 3) 36.015802420128175
(2323, 501, 3) 38.678622950328524
(2373, 551, 3) 39.272867820763935
(2423, 601, 3) 39.811219129397074
(2473, 651, 3) 37.53637883616963
(2523, 701, 3) 37.800419403418516
(2573, 751, 3) 40.00542070785242
(2623, 801, 3) 41.56618596873444
(2673, 851, 3) 40.40616090105591
(2723, 901, 3) 39.47811452610329
(2734, 1, 4) 40.94247393716961
(2784, 51, 4) 41.595682543460185
(2834, 101, 4) 41.019902266557764
(2884, 151, 4) 42.146596283307105
(2934, 201, 4) 42.20003869380759
(2984, 251, 4) 42.3706511245669
(3034, 301, 4) 44.09061281863401
(3084, 351, 4) 45.37226120959126
(3134, 401, 4) 44.45384088001465
(3184, 451, 4) 45.59017379750001
(3234, 501, 4) 45.82848203095537
(3284, 551, 4) 46.31650358243082
(3334, 601, 4) 46.8390305195362
(3384, 651, 4) 46.47691732657824
(3434, 701, 4) 46.13161202954256
(3484, 751, 4) 48.37871580768219
(3534, 801, 4) 48.72900224582951
(3584, 851, 4) 48.79598878561747
(3634, 901, 4) 47.692143385438804
(3645, 1, 5) 50.408109860131475
(3695, 51, 5) 50.330219737599
(3745, 101, 5) 50.98638159620156
(3795, 151, 5) 49.907634108280135
(3845, 201, 5) 50.94186156442164
(3895, 251, 5) 51.72523300871874
(3945, 301, 5) 52.50713746660401
(3995, 351, 5) 50.47737403878858
(4045, 401, 5) 53.76432863197358
(4095, 451, 5) 53.15189937555718
(4145, 501, 5) 54.23689187420613
(4195, 551, 5) 53.00792516050071
(4245, 601, 5) 53.83391582714905
(4295, 651, 5) 55.07967701495827
(4345, 701, 5) 55.19163087054885
(4395, 751, 5) 54.481927481045034
(4445, 801, 5) 55.36989597721653
(4495, 851, 5) 55.31251574023408
(4545, 901, 5) 54.022850307570216
(4556, 1, 6) 56.63682897141447
(4606, 51, 6) 55.92893340666117
(4656, 101, 6) 54.418077103880854
(4706, 151, 6) 56.57194343697378
(4756, 201, 6) 55.30152246196431
(4806, 251, 6) 55.37743822704863
(4856, 301, 6) 56.90996426603121
(4906, 351, 6) 56.79455451107719
(4956, 401, 6) 57.23725817878038
(5006, 451, 6) 57.7406857961017
(5056, 501, 6) 58.53877414275749
(5106, 551, 6) 56.648992839170674
(5156, 601, 6) 56.73769044761102
(5206, 651, 6) 58.08897214002741
(5256, 701, 6) 58.25516528860284
(5306, 751, 6) 59.21822790015546
(5356, 801, 6) 59.11860992104491
(5406, 851, 6) 58.63215902198638
(5456, 901, 6) 59.21349099102409
(5467, 1, 7) 60.78722490138736
(5517, 51, 7) 59.70641251291471
(5567, 101, 7) 59.97886543241735
(5617, 151, 7) 60.370159645522115
(5667, 201, 7) 59.3759952200784
(5717, 251, 7) 60.968857471365126
(5767, 301, 7) 60.0798553855314
(5817, 351, 7) 58.35558422399494
(5867, 401, 7) 60.46651076025987
(5917, 451, 7) 59.63444099447669
(5967, 501, 7) 59.28319473593512
(6017, 551, 7) 59.410977185106276
(6067, 601, 7) 59.34219159023911
(6117, 651, 7) 59.97675653688408
(6167, 701, 7) 61.06849176738467
(6217, 751, 7) 59.81537017433551
(6267, 801, 7) 60.745085364155415
(6317, 851, 7) 58.83572753067515
(6367, 901, 7) 61.39470206895532
