(1, 1, 1) 18.749127647186512
(51, 51, 1) 18.655564276250878
(101, 101, 1) 18.655564276250878
(151, 151, 1) 18.655564276250878
(201, 201, 1) 33.96989083930697
(251, 251, 1) 24.00517786514498
(301, 301, 1) 28.53568646459764
(351, 351, 1) 27.563340066488472
(401, 401, 1) 20.518269271685952
(451, 451, 1) 20.518269271685952
(501, 501, 1) 20.793634158534534
(551, 551, 1) 20.8465504735813
(601, 601, 1) 20.793634158534534
(651, 651, 1) 21.420099386874043
(701, 701, 1) 21.67715275450529
(751, 751, 1) 22.45409554613907
(801, 801, 1) 25.378092313812456
(851, 851, 1) 27.30124071746083
(901, 901, 1) 25.07507368388644
(912, 1, 2) 27.793639838383715
(962, 51, 2) 31.359960247126477
(1012, 101, 2) 30.52593671886543
(1062, 151, 2) 32.91694111599812
(1112, 201, 2) 31.55854862886265
(1162, 251, 2) 34.23967246786091
(1212, 301, 2) 32.087921747055304
(1262, 351, 2) 35.34892223191831
(1312, 401, 2) 33.28141353897134
(1362, 451, 2) 35.37844301517508
(1412, 501, 2) 33.00033456565979
(1462, 551, 2) 33.94796466611523
(1512, 601, 2) 34.84477901583748
(1562, 651, 2) 32.10630516575878
(1612, 701, 2) 33.13543110211256
(1662, 751, 2) 34.79532552124995
(1712, 801, 2) 33.693974907062675
(1762, 851, 2) 34.105194153963495
(1812, 901, 2) 32.19241041577574
(1823, 1, 3) 35.635925195791174
(1873, 51, 3) 33.78692539798913
(1923, 101, 3) 34.63347955772464
(1973, 151, 3) 35.00547929125675
(2023, 201, 3) 33.46666129171261
(2073, 251, 3) 33.061698014272686
(2123, 301, 3) 36.02258057742838
(2173, 351, 3) 34.033303313839866
(2223, 401, 3) 34.66262751269816
(2273, 451, 3) 33.8333490284443
(2323, 501, 3) 36.65616655000199
(2373, 551, 3) 37.38037988780869
(2423, 601, 3) 37.885539004413154
(2473, 651, 3) 35.60353056169012
(2523, 701, 3) 35.867925069228846
(2573, 751, 3) 38.03203673720272
(2623, 801, 3) 39.4999652086109
(2673, 851, 3) 38.67765244293901
(2723, 901, 3) 37.708515150290594
(2734, 1, 4) 39.08774856615727
(2784, 51, 4) 39.99038535235508
(2834, 101, 4) 39.408590817179906
(2884, 151, 4) 40.51210994321017
(2934, 201, 4) 40.59403642443606
(2984, 251, 4) 41.034026131328666
(3034, 301, 4) 42.78330047124257
(3084, 351, 4) 44.09362578821915
(3134, 401, 4) 43.37377722824514
(3184, 451, 4) 44.408690990438
(3234, 501, 4) 44.7429043822425
(3284, 551, 4) 45.34305840930589
(3334, 601, 4) 45.98042430544852
(3384, 651, 4) 45.64677952933779
(3434, 701, 4) 45.221255913161635
(3484, 751, 4) 47.60606157260654
(3534, 801, 4) 47.985515850454455
(3584, 851, 4) 48.03205082610302
(3634, 901, 4) 46.93716569783667
(3645, 1, 5) 49.86606530103703
(3695, 51, 5) 49.767054942642275
(3745, 101, 5) 50.38364043256585
(3795, 151, 5) 49.29160172344196
(3845, 201, 5) 50.42660757899282
(3895, 251, 5) 51.24684282007952
(3945, 301, 5) 52.09418227776108
(3995, 351, 5) 50.00076510052763
(4045, 401, 5) 53.350983103305396
(4095, 451, 5) 52.727032188582754
(4145, 501, 5) 53.91559321825886
(4195, 551, 5) 52.61711557879886
(4245, 601, 5) 53.56047201989631
(4295, 651, 5) 54.81981357718351
(4345, 701, 5) 54.92197531931051
(4395, 751, 5) 54.20255657318137
(4445, 801, 5) 55.133381848770256
(4495, 851, 5) 55.077500671616576
(4545, 901, 5) 53.759089702635556
(4556, 1, 6) 56.455402788544916
(4606, 51, 6) 55.74925943095228
(4656, 101, 6) 54.23773900847899
(4706, 151, 6) 56.45853186031823
(4756, 201, 6) 55.17647488735038
(4806, 251, 6) 55.26783612228784
(4856, 301, 6) 56.801507305535225
(4906, 351, 6) 56.68359231732063
(4956, 401, 6) 57.14045267674217
(5006, 451, 6) 57.674559177821564
(5056, 501, 6) 58.47436991248773
(5106, 551, 6) 56.55654435022143
(5156, 601, 6) 56.68855008276791
(5206, 651, 6) 58.06632807323577
(5256, 701, 6) 58.22159520211123
(5306, 751, 6) 59.19636426978499
(5356, 801, 6) 59.09454596589024
(5406, 851, 6) 58.60655520753336
(5456, 901, 6) 59.19510811426139
(5467, 1, 7) 60.77040425937541
(5517, 51, 7) 59.68752069731881
(5567, 101, 7) 59.963210339379756
(5617, 151, 7) 60.363529074917025
(5667, 201, 7) 59.370064625737015
(5717, 251, 7) 60.96674352309604
(5767, 301, 7) 60.0766179347051
(5817, 351, 7) 58.344476455085946
(5867, 401, 7) 60.463096503070915
(5917, 451, 7) 59.63329370335197
(5967, 501, 7) 59.281654311458276
(6017, 551, 7) 59.407141935458085
(6067, 601, 7) 59.340642760346775
(6117, 651, 7) 59.97494277789178
(6167, 701, 7) 61.06685102294247
(6217, 751, 7) 59.81314786561334
(6267, 801, 7) 60.742999657051165
(6317, 851, 7) 58.83341283856298
(6367, 901, 7) 61.38932458702824
