(1, 1, 1) 66.99107749340322
(51, 51, 1) 67.00690857036162
(101, 101, 1) 67.00690857036162
(151, 151, 1) 67.00690857036162
(201, 201, 1) 68.95168083606461
(251, 251, 1) 67.32725254365285
(301, 301, 1) 68.03203062710709
(351, 351, 1) 67.87606074252854
(401, 401, 1) 66.8207529213091
(451, 451, 1) 66.8207529213091
(501, 501, 1) 66.79173065889623
(551, 551, 1) 66.78128758956629
(601, 601, 1) 66.79173065889623
(651, 651, 1) 66.79406261423162
(701, 701, 1) 66.87318402406413
(751, 751, 1) 66.87983486607718
(801, 801, 1) 67.04482930489522
(851, 851, 1) 67.34241184663648
(901, 901, 1) 66.97504130686401
(912, 1, 2) 67.23356076442778
(962, 51, 2) 67.90918443024545
(1012, 101, 2) 67.29520303199004
(1062, 151, 2) 67.9532719532087
(1112, 201, 2) 67.65856188337045
(1162, 251, 2) 67.93875784875304
(1212, 301, 2) 67.46947080907674
(1262, 351, 2) 67.90247659484176
(1312, 401, 2) 67.62260710610508
(1362, 451, 2) 67.97182128348466
(1412, 501, 2) 67.34389446020307
(1462, 551, 2) 67.36184005985648
(1512, 601, 2) 67.73023687842506
(1562, 651, 2) 67.08902176795046
(1612, 701, 2) 67.40945814057892
(1662, 751, 2) 67.34801499566716
(1712, 801, 2) 67.25853710273532
(1762, 851, 2) 67.1839608525227
(1812, 901, 2) 67.03032687876494
(1823, 1, 3) 67.67600714931937
(1873, 51, 3) 67.15863766158263
(1923, 101, 3) 67.28731395405234
(1973, 151, 3) 67.21219170626756
(2023, 201, 3) 67.15438838992603
(2073, 251, 3) 66.55809812547224
(2123, 301, 3) 67.59543176603722
(2173, 351, 3) 67.12542339812599
(2223, 401, 3) 67.00508600696334
(2273, 451, 3) 66.90594475704428
(2323, 501, 3) 67.2636755704634
(2373, 551, 3) 67.04757370003168
(2423, 601, 3) 67.4392774976433
(2473, 651, 3) 66.50898644248807
(2523, 701, 3) 66.57596743497884
(2573, 751, 3) 67.17657468391853
(2623, 801, 3) 67.19804105651008
(2673, 851, 3) 66.71905241560142
(2723, 901, 3) 65.72497763959433
(2734, 1, 4) 66.3556730058452
(2784, 51, 4) 66.31739712030199
(2834, 101, 4) 66.2395369134153
(2884, 151, 4) 66.03026810676049
(2934, 201, 4) 66.06054414055144
(2984, 251, 4) 65.35920426815633
(3034, 301, 4) 65.42385625475046
(3084, 351, 4) 65.97239985206244
(3134, 401, 4) 64.81608987869218
(3184, 451, 4) 65.32938904986895
(3234, 501, 4) 64.66758378853284
(3284, 551, 4) 63.91107960789757
(3334, 601, 4) 65.15284996166466
(3384, 651, 4) 64.22398894965778
(3434, 701, 4) 64.43731501611303
(3484, 751, 4) 65.32373980367929
(3534, 801, 4) 64.32561782601476
(3584, 851, 4) 64.13328597468326
(3634, 901, 4) 64.1087866620034
(3645, 1, 5) 62.701808504660605
(3695, 51, 5) 64.3779595741872
(3745, 101, 5) 64.67492853851013
(3795, 151, 5) 63.470308792960395
(3845, 201, 5) 63.9265947943566
(3895, 251, 5) 64.09626695485582
(3945, 301, 5) 63.489630219944246
(3995, 351, 5) 63.07414518910518
(4045, 401, 5) 63.05814705851422
(4095, 451, 5) 63.10025754255699
(4145, 501, 5) 62.18030896033704
(4195, 551, 5) 62.37486421504164
(4245, 601, 5) 63.11482642941964
(4295, 651, 5) 61.38543761186611
(4345, 701, 5) 61.47739701189846
(4395, 751, 5) 61.71338746443846
(4445, 801, 5) 61.31786690175299
(4495, 851, 5) 62.840665402204884
(4545, 901, 5) 61.117953588088405
(4556, 1, 6) 60.26865550621026
(4606, 51, 6) 61.17811837204595
(4656, 101, 6) 60.05741608826499
(4706, 151, 6) 59.05848889190859
(4756, 201, 6) 58.47324473690393
(4806, 251, 6) 57.70697018406772
(4856, 301, 6) 58.3504306302718
(4906, 351, 6) 59.842209030159346
(4956, 401, 6) 58.51716914360049
(5006, 451, 6) 59.206880318974264
(5056, 501, 6) 59.62015512684392
(5106, 551, 6) 59.1460961341969
(5156, 601, 6) 58.35998331972482
(5206, 651, 6) 55.55814538754875
(5256, 701, 6) 56.12056890413456
(5306, 751, 6) 57.3839877935451
(5356, 801, 6) 57.228285183885
(5406, 851, 6) 57.79008318525546
(5456, 901, 6) 57.6255895596366
(5467, 1, 7) 57.97852622477738
(5517, 51, 7) 57.95271976279943
(5567, 101, 7) 58.29438180161591
(5617, 151, 7) 56.223348182312435
(5667, 201, 7) 56.36742495076796
(5717, 251, 7) 54.66826174873233
(5767, 301, 7) 55.24304518349161
(5817, 351, 7) 55.76415617131176
(5867, 401, 7) 57.24810662278438
(5917, 451, 7) 54.7916094082033
(5967, 501, 7) 54.024829265314104
(6017, 551, 7) 56.68407393363052
(6067, 601, 7) 54.64744392955308
(6117, 651, 7) 52.805523140068225
(6167, 701, 7) 53.768286545436276
(6217, 751, 7) 54.37870392779905
(6267, 801, 7) 54.877489033888004
(6317, 851, 7) 52.46581838361075
(6367, 901, 7) 55.271135880593405
