(1, 1, 1) 28.6571881655212
(51, 51, 1) 28.595178966578658
(101, 101, 1) 28.595178966578658
(151, 151, 1) 28.595178966578658
(201, 201, 1) 34.73811917552487
(251, 251, 1) 31.029691062295438
(301, 301, 1) 32.70010722949704
(351, 351, 1) 32.33915185743228
(401, 401, 1) 29.497076710966045
(451, 451, 1) 29.497076710966045
(501, 501, 1) 29.596390459767136
(551, 551, 1) 29.612374834936265
(601, 601, 1) 29.595234757822666
(651, 651, 1) 30.001822964956176
(701, 701, 1) 30.303355605552664
(751, 751, 1) 30.663768818421357
(801, 801, 1) 31.81210520289307
(851, 851, 1) 32.5435968600898
(901, 901, 1) 31.67191043867834
(912, 1, 2) 32.60291871792908
(962, 51, 2) 34.02554989254582
(1012, 101, 2) 33.64199410991383
(1062, 151, 2) 34.651671108852874
(1112, 201, 2) 34.06290014738747
(1162, 251, 2) 35.1704824889309
(1212, 301, 2) 34.41273059848762
(1262, 351, 2) 35.57151201180872
(1312, 401, 2) 34.865982218139955
(1362, 451, 2) 35.71390784670273
(1412, 501, 2) 34.88185223995806
(1462, 551, 2) 34.95272453142446
(1512, 601, 2) 35.40259192100921
(1562, 651, 2) 34.492378839998594
(1612, 701, 2) 34.754803376028015
(1662, 751, 2) 35.41576998454824
(1712, 801, 2) 34.89146725456479
(1762, 851, 2) 35.17523511845848
(1812, 901, 2) 34.29986665372528
(1823, 1, 3) 35.593889938701786
(1873, 51, 3) 34.86221599702177
(1923, 101, 3) 35.14020663702183
(1973, 151, 3) 35.31609456644094
(2023, 201, 3) 34.579293590488135
(2073, 251, 3) 34.527241703912445
(2123, 301, 3) 35.662308121909305
(2173, 351, 3) 34.921463266019096
(2223, 401, 3) 35.138579511013184
(2273, 451, 3) 34.85707343083606
(2323, 501, 3) 35.74640210294316
(2373, 551, 3) 35.82772526639378
(2423, 601, 3) 36.23136658998147
(2473, 651, 3) 35.26513701891651
(2523, 701, 3) 35.24780719987635
(2573, 751, 3) 36.27305661565802
(2623, 801, 3) 36.70033067556636
(2673, 851, 3) 36.218711460615104
(2723, 901, 3) 35.48636673061585
(2734, 1, 4) 36.15804957431498
(2784, 51, 4) 36.26533403366792
(2834, 101, 4) 36.23222545523824
(2884, 151, 4) 36.627248771845764
(2934, 201, 4) 36.50235160447488
(2984, 251, 4) 36.299408799130205
(3034, 301, 4) 36.848958223475826
(3084, 351, 4) 37.53594958260032
(3134, 401, 4) 36.75431354444488
(3184, 451, 4) 37.35409028014971
(3234, 501, 4) 37.20752349910989
(3284, 551, 4) 37.080271486411014
(3334, 601, 4) 37.66820476328695
(3384, 651, 4) 37.213021509607024
(3434, 701, 4) 37.19299529722358
(3484, 751, 4) 38.15302197577693
(3534, 801, 4) 37.993904224289224
(3584, 851, 4) 37.92877312509447
(3634, 901, 4) 37.597111000775605
(3645, 1, 5) 37.98790911406679
(3695, 51, 5) 38.54804868632669
(3745, 101, 5) 38.772164653429485
(3795, 151, 5) 37.96524791900748
(3845, 201, 5) 38.53297878068995
(3895, 251, 5) 38.90229317847522
(3945, 301, 5) 39.00086562406596
(3995, 351, 5) 38.07100856285604
(4045, 401, 5) 39.24801221586467
(4095, 451, 5) 38.98905084505282
(4145, 501, 5) 39.09089585559235
(4195, 551, 5) 38.76942816031922
(4245, 601, 5) 39.258923005495355
(4295, 651, 5) 39.12015362388105
(4345, 701, 5) 39.24670156085869
(4395, 751, 5) 39.05983676941539
(4445, 801, 5) 39.24142333858256
(4495, 851, 5) 39.71354587430204
(4545, 901, 5) 38.64091986893845
(4556, 1, 6) 39.254512604615435
(4606, 51, 6) 39.30491645661864
(4656, 101, 6) 38.328867522652466
(4706, 151, 6) 38.72702808886621
(4756, 201, 6) 38.179227098915575
(4806, 251, 6) 38.0471985772777
(4856, 301, 6) 38.75575041798866
(4906, 351, 6) 39.18652333687266
(4956, 401, 6) 39.0018168372757
(5006, 451, 6) 39.357297962777466
(5056, 501, 6) 39.750619674636134
(5106, 551, 6) 38.82733172209921
(5156, 601, 6) 38.62548703207019
(5206, 651, 6) 38.06610738949513
(5256, 701, 6) 38.45045253620429
(5306, 751, 6) 39.1859221239174
(5356, 801, 6) 39.19395946112325
(5406, 851, 6) 39.053138920492266
(5456, 901, 6) 39.19715613815238
(5467, 1, 7) 39.787065697630105
(5517, 51, 7) 39.49680848670288
(5567, 101, 7) 39.663319407156415
(5617, 151, 7) 39.164898041879574
(5667, 201, 7) 38.782543433389705
(5717, 251, 7) 38.918686238296466
(5767, 301, 7) 38.67479924892107
(5817, 351, 7) 38.354202362541294
(5867, 401, 7) 39.6231914172716
(5917, 451, 7) 38.509758738118194
(5967, 501, 7) 38.123989376628124
(6017, 551, 7) 39.02288916772316
(6067, 601, 7) 38.23935559420223
(6117, 651, 7) 37.849966067341036
(6167, 701, 7) 38.56817436170127
(6217, 751, 7) 38.37671919391354
(6267, 801, 7) 38.878669646794584
(6317, 851, 7) 37.35754431873105
(6367, 901, 7) 39.01133196667137
