(1, 1, 1) 13.03615233163222
(51, 51, 1) 27.899109898495606
(101, 101, 1) 27.899109898495606
(151, 151, 1) 27.899109898495606
(201, 201, 1) 22.846536115354464
(251, 251, 1) 18.928128063963523
(301, 301, 1) 21.749521711663053
(351, 351, 1) 20.425749985101454
(401, 401, 1) 17.657013223007027
(451, 451, 1) 17.657013223007027
(501, 501, 1) 18.296162676381588
(551, 551, 1) 18.424227042068118
(601, 601, 1) 18.317691738291433
(651, 651, 1) 20.038720310471287
(701, 701, 1) 20.06692787519653
(751, 751, 1) 21.55084232068763
(801, 801, 1) 24.63508196524788
(851, 851, 1) 26.809908124691546
(901, 901, 1) 24.47805179605054
(912, 1, 2) 26.0255208620622
(962, 51, 2) 30.703290052973824
(1012, 101, 2) 29.571875370318494
(1062, 151, 2) 31.034332058234448
(1112, 201, 2) 31.866755511301964
(1162, 251, 2) 34.971541447153044
(1212, 301, 2) 32.42012186071183
(1262, 351, 2) 35.26849855631971
(1312, 401, 2) 33.786295380433515
(1362, 451, 2) 36.218165788259434
(1412, 501, 2) 34.641721181521525
(1462, 551, 2) 35.61891438811102
(1512, 601, 2) 37.03037610373907
(1562, 651, 2) 34.14871965917462
(1612, 701, 2) 34.5167929288637
(1662, 751, 2) 37.067656940358454
(1712, 801, 2) 35.08078698051044
(1762, 851, 2) 37.06441093429845
(1812, 901, 2) 33.45287995623869
(1823, 1, 3) 36.67629785633711
(1873, 51, 3) 34.53288560517338
(1923, 101, 3) 36.401122455703174
(1973, 151, 3) 36.509733783448
(2023, 201, 3) 34.29481451214928
(2073, 251, 3) 34.83922882200392
(2123, 301, 3) 37.1415030326646
(2173, 351, 3) 34.441955402088134
(2223, 401, 3) 36.154052200698565
(2273, 451, 3) 35.113406158118245
(2323, 501, 3) 37.74909885997092
(2373, 551, 3) 39.15386836877039
(2423, 601, 3) 38.88469134144073
(2473, 651, 3) 36.85741928922778
(2523, 701, 3) 36.78154981692346
(2573, 751, 3) 39.47252690056594
(2623, 801, 3) 41.45661334389466
(2673, 851, 3) 40.72062541909622
(2723, 901, 3) 39.57298590063361
(2734, 1, 4) 40.55087744288436
(2784, 51, 4) 40.865316670834275
(2834, 101, 4) 41.347445266526336
(2884, 151, 4) 41.360203813218035
(2934, 201, 4) 41.878775391730116
(2984, 251, 4) 42.631387626994425
(3034, 301, 4) 43.92742392452004
(3084, 351, 4) 44.69549670581212
(3134, 401, 4) 44.45268092611996
(3184, 451, 4) 44.39453816483555
(3234, 501, 4) 44.998696554476744
(3284, 551, 4) 45.801580628904595
(3334, 601, 4) 47.51567560630234
(3384, 651, 4) 46.384198893168175
(3434, 701, 4) 45.936639862013934
(3484, 751, 4) 48.06570727115263
(3534, 801, 4) 48.79956299419635
(3584, 851, 4) 49.59435872601146
(3634, 901, 4) 47.83322636131915
(3645, 1, 5) 49.60413633396158
(3695, 51, 5) 49.62292765441652
(3745, 101, 5) 49.72245553577752
(3795, 151, 5) 49.734933611027984
(3845, 201, 5) 49.59026108759584
(3895, 251, 5) 51.63472889624464
(3945, 301, 5) 51.92139280423471
(3995, 351, 5) 49.37489701337129
(4045, 401, 5) 52.441041180700466
(4095, 451, 5) 51.211234903272185
(4145, 501, 5) 53.62507433558118
(4195, 551, 5) 51.75499454070066
(4245, 601, 5) 52.81089462342686
(4295, 651, 5) 54.519010510365895
(4345, 701, 5) 54.255745515862856
(4395, 751, 5) 53.86845525951659
(4445, 801, 5) 54.858003664188125
(4495, 851, 5) 54.66790474493436
(4545, 901, 5) 53.47374581786391
(4556, 1, 6) 55.61024281799075
(4606, 51, 6) 55.531058429367484
(4656, 101, 6) 55.105461521846685
(4706, 151, 6) 56.62368780759455
(4756, 201, 6) 55.64962889837464
(4806, 251, 6) 56.38681176031361
(4856, 301, 6) 57.956125832479685
(4906, 351, 6) 56.79243219722828
(4956, 401, 6) 56.250299490830635
(5006, 451, 6) 57.376215960662016
(5056, 501, 6) 57.41159591670903
(5106, 551, 6) 56.42703028609021
(5156, 601, 6) 57.83562572782763
(5206, 651, 6) 59.18396042604904
(5256, 701, 6) 58.35780163187854
(5306, 751, 6) 58.58556305682756
(5356, 801, 6) 58.605887948984915
(5406, 851, 6) 58.89328120777188
(5456, 901, 6) 58.78269615437725
(5467, 1, 7) 60.45210304172184
(5517, 51, 7) 59.276592549272436
(5567, 101, 7) 59.696424900094925
(5617, 151, 7) 60.29970733488842
(5667, 201, 7) 59.63872580735755
(5717, 251, 7) 61.543629397153076
(5767, 301, 7) 60.378250130104625
(5817, 351, 7) 59.400948108923735
(5867, 401, 7) 58.305479734596624
(5917, 451, 7) 59.989134857538076
(5967, 501, 7) 59.96889825906688
(6017, 551, 7) 59.234510300231804
(6067, 601, 7) 60.52979085174901
(6117, 651, 7) 61.58636266426646
(6167, 701, 7) 62.008659752417074
(6217, 751, 7) 60.95966696876579
(6267, 801, 7) 61.30329487487689
(6317, 851, 7) 60.902412535706695
(6367, 901, 7) 61.6323256200346
